start
0.0,0.0,0.4,0.0,9.5,0.4
0.0,9.5,0.4,0.0,19.0,0.4
0.0,19.0,0.4,32.858,19.0,0.4
32.858,19.0,0.4,33.9433905176,18.6943618807,0.4
33.9433905176,18.6943618807,0.4,35.0331961656,18.4048607834,0.4
35.0331961656,18.4048607834,0.4,36.1271770413,18.1315604369,0.4
36.1271770413,18.1315604369,0.4,37.2250923228,17.8745210038,0.4
37.2250923228,17.8745210038,0.4,38.3267003225,17.6337990669,0.4
38.3267003225,17.6337990669,0.4,39.4317585394,17.4094476174,0.4
39.4317585394,17.4094476174,0.4,40.5400237133,17.2015160424,0.4
40.5400237133,17.2015160424,0.4,41.6512518781,17.0100501145,0.4
41.6512518781,17.0100501145,0.4,42.7651984152,16.835091982,0.4
42.7651984152,16.835091982,0.4,43.8816181078,16.6766801589,0.4
43.8816181078,16.6766801589,0.4,45.0002651946,16.5348495169,0.4
45.0002651946,16.5348495169,0.4,46.1208934239,16.4096312778,0.4
46.1208934239,16.4096312778,0.4,47.243256108,16.3010530062,0.4
47.243256108,16.3010530062,0.4,48.3671061773,16.2091386038,0.4
48.3671061773,16.2091386038,0.4,49.4921962349,16.1339083041,0.4
49.4921962349,16.1339083041,0.4,50.6182786108,16.0753786677,0.4
50.6182786108,16.0753786677,0.4,51.7451054167,16.0335625791,0.4
51.7451054167,16.0335625791,0.4,52.8724286003,16.0084692434,0.4
52.8724286003,16.0084692434,0.4,54.0,16.0,0.4
54.0,16.0,0.4,82.5,16.0,0.4
82.5,16.0,0.4,111.0,16.0,0.4
111.0,16.0,0.4,112.1275714,16.0084692434,0.4
112.1275714,16.0084692434,0.4,113.254894583,16.0335625791,0.4
113.254894583,16.0335625791,0.4,114.381721389,16.0753786677,0.4
114.381721389,16.0753786677,0.4,115.507803765,16.1339083041,0.4
115.507803765,16.1339083041,0.4,116.632893823,16.2091386038,0.4
116.632893823,16.2091386038,0.4,117.756743892,16.3010530062,0.4
117.756743892,16.3010530062,0.4,118.879106576,16.4096312778,0.4
118.879106576,16.4096312778,0.4,119.999734805,16.5348495169,0.4
119.999734805,16.5348495169,0.4,121.118381892,16.6766801589,0.4
121.118381892,16.6766801589,0.4,122.234801585,16.835091982,0.4
122.234801585,16.835091982,0.4,123.348748122,17.0100501145,0.4
123.348748122,17.0100501145,0.4,124.459976287,17.2015160424,0.4
124.459976287,17.2015160424,0.4,125.568241461,17.4094476174,0.4
125.568241461,17.4094476174,0.4,126.673299678,17.6337990669,0.4
126.673299678,17.6337990669,0.4,127.774907677,17.8745210038,0.4
127.774907677,17.8745210038,0.4,128.872822959,18.1315604369,0.4
128.872822959,18.1315604369,0.4,129.966803834,18.4048607834,0.4
129.966803834,18.4048607834,0.4,131.056609482,18.6943618807,0.4
131.056609482,18.6943618807,0.4,132.142,19.0,0.4
132.142,19.0,0.4,165.0,19.0,0.4
165.0,19.0,0.4,165.0,9.5,0.4
165.0,9.5,0.4,165.0,0.0,0.4
165.0,0.0,0.4,132.142,0.0,0.4
132.142,0.0,0.4,131.056609482,0.305638119259,0.4
131.056609482,0.305638119259,0.4,129.966803834,0.595139216578,0.4
129.966803834,0.595139216578,0.4,128.872822959,0.868439563088,0.4
128.872822959,0.868439563088,0.4,127.774907677,1.12547899624,0.4
127.774907677,1.12547899624,0.4,126.673299678,1.36620093307,0.4
126.673299678,1.36620093307,0.4,125.568241461,1.59055238262,0.4
125.568241461,1.59055238262,0.4,124.459976287,1.79848395765,0.4
124.459976287,1.79848395765,0.4,123.348748122,1.98994988545,0.4
123.348748122,1.98994988545,0.4,122.234801585,2.16490801798,0.4
122.234801585,2.16490801798,0.4,121.118381892,2.3233198411,0.4
121.118381892,2.3233198411,0.4,119.999734805,2.46515048307,0.4
119.999734805,2.46515048307,0.4,118.879106576,2.59036872223,0.4
118.879106576,2.59036872223,0.4,117.756743892,2.69894699385,0.4
117.756743892,2.69894699385,0.4,116.632893823,2.79086139623,0.4
116.632893823,2.79086139623,0.4,115.507803765,2.86609169593,0.4
115.507803765,2.86609169593,0.4,114.381721389,2.92462133225,0.4
114.381721389,2.92462133225,0.4,113.254894583,2.96643742087,0.4
113.254894583,2.96643742087,0.4,112.1275714,2.99153075665,0.4
112.1275714,2.99153075665,0.4,111.0,3.0,0.4
111.0,3.0,0.4,82.5,3.0,0.4
82.5,3.0,0.4,54.0,3.0,0.4
54.0,3.0,0.4,52.8724286003,2.99153075665,0.4
52.8724286003,2.99153075665,0.4,51.7451054167,2.96643742087,0.4
51.7451054167,2.96643742087,0.4,50.6182786108,2.92462133225,0.4
50.6182786108,2.92462133225,0.4,49.4921962349,2.86609169593,0.4
49.4921962349,2.86609169593,0.4,48.3671061773,2.79086139623,0.4
48.3671061773,2.79086139623,0.4,47.243256108,2.69894699385,0.4
47.243256108,2.69894699385,0.4,46.1208934239,2.59036872223,0.4
46.1208934239,2.59036872223,0.4,45.0002651946,2.46515048307,0.4
45.0002651946,2.46515048307,0.4,43.8816181078,2.3233198411,0.4
43.8816181078,2.3233198411,0.4,42.7651984152,2.16490801798,0.4
42.7651984152,2.16490801798,0.4,41.6512518781,1.98994988545,0.4
41.6512518781,1.98994988545,0.4,40.5400237133,1.79848395765,0.4
40.5400237133,1.79848395765,0.4,39.4317585394,1.59055238262,0.4
39.4317585394,1.59055238262,0.4,38.3267003225,1.36620093307,0.4
38.3267003225,1.36620093307,0.4,37.2250923228,1.12547899624,0.4
37.2250923228,1.12547899624,0.4,36.1271770413,0.868439563088,0.4
36.1271770413,0.868439563088,0.4,35.0331961656,0.595139216578,0.4
35.0331961656,0.595139216578,0.4,33.9433905176,0.305638119259,0.4
33.9433905176,0.305638119259,0.4,32.858,0.0,0.4
32.858,0.0,0.4,0.0,0.0,0.4
0.5,0.5,0.4,0.5,9.5,0.4
0.5,9.5,0.4,0.5,18.5,0.4
0.5,18.5,0.4,32.7889446241,18.5,0.4
32.7889446241,18.5,0.4,33.8114353276,18.2120740135,0.4
33.8114353276,18.2120740135,0.4,34.9084109567,17.9206682487,0.4
34.9084109567,17.9206682487,0.4,36.0095892828,17.6455698216,0.4
36.0095892828,17.6455698216,0.4,37.1147278999,17.3868392907,0.4
37.1147278999,17.3868392907,0.4,38.22358353,17.1445336112,0.4
38.22358353,17.1445336112,0.4,39.3359120768,16.9187061226,0.4
39.3359120768,16.9187061226,0.4,40.4514686796,16.7094065372,0.4
40.4514686796,16.7094065372,0.4,41.5700077672,16.5166809287,0.4
41.5700077672,16.5166809287,0.4,42.6912831117,16.3405717226,0.4
42.6912831117,16.3405717226,0.4,43.8150478828,16.1811176863,0.4
43.8150478828,16.1811176863,0.4,44.9410547025,16.0383539211,0.4
44.9410547025,16.0383539211,0.4,46.0690556989,15.9123118539,0.4
46.0690556989,15.9123118539,0.4,47.1988025613,15.8030192309,0.4
47.1988025613,15.8030192309,0.4,48.3300465947,15.710500111,0.4
48.3300465947,15.710500111,0.4,49.4625387744,15.6347748609,0.4
49.4625387744,15.6347748609,0.4,50.5960298011,15.57586015,0.4
50.5960298011,15.57586015,0.4,51.7302701554,15.5337689476,0.4
51.7302701554,15.5337689476,0.4,52.8649870596,15.5085110334,0.4
52.8649870596,15.5085110334,0.4,53.9981222644,15.5,0.4
53.9981222644,15.5,0.4,82.5,15.5,0.4
82.5,15.5,0.4,111.001877736,15.5,0.4
111.001877736,15.5,0.4,112.13501294,15.5085110334,0.4
112.13501294,15.5085110334,0.4,113.269729845,15.5337689476,0.4
113.269729845,15.5337689476,0.4,114.403970199,15.57586015,0.4
114.403970199,15.57586015,0.4,115.537461226,15.6347748609,0.4
115.537461226,15.6347748609,0.4,116.669953405,15.710500111,0.4
116.669953405,15.710500111,0.4,117.801197439,15.8030192309,0.4
117.801197439,15.8030192309,0.4,118.930944301,15.9123118539,0.4
118.930944301,15.9123118539,0.4,120.058945297,16.0383539211,0.4
120.058945297,16.0383539211,0.4,121.184952117,16.1811176863,0.4
121.184952117,16.1811176863,0.4,122.308716888,16.3405717226,0.4
122.308716888,16.3405717226,0.4,123.429992233,16.5166809287,0.4
123.429992233,16.5166809287,0.4,124.54853132,16.7094065372,0.4
124.54853132,16.7094065372,0.4,125.664087923,16.9187061226,0.4
125.664087923,16.9187061226,0.4,126.77641647,17.1445336112,0.4
126.77641647,17.1445336112,0.4,127.8852721,17.3868392907,0.4
127.8852721,17.3868392907,0.4,128.990410717,17.6455698216,0.4
128.990410717,17.6455698216,0.4,130.091589043,17.9206682487,0.4
130.091589043,17.9206682487,0.4,131.188564672,18.2120740135,0.4
131.188564672,18.2120740135,0.4,132.211055376,18.5,0.4
132.211055376,18.5,0.4,164.5,18.5,0.4
164.5,18.5,0.4,164.5,9.5,0.4
164.5,9.5,0.4,164.5,0.5,0.4
164.5,0.5,0.4,132.211055376,0.5,0.4
132.211055376,0.5,0.4,131.188564672,0.787925986521,0.4
131.188564672,0.787925986521,0.4,130.091589043,1.07933175134,0.4
130.091589043,1.07933175134,0.4,128.990410717,1.35443017839,0.4
128.990410717,1.35443017839,0.4,127.8852721,1.6131607093,0.4
127.8852721,1.6131607093,0.4,126.77641647,1.85546638883,0.4
126.77641647,1.85546638883,0.4,125.664087923,2.08129387741,0.4
125.664087923,2.08129387741,0.4,124.54853132,2.29059346284,0.4
124.54853132,2.29059346284,0.4,123.429992233,2.48331907129,0.4
123.429992233,2.48331907129,0.4,122.308716888,2.65942827742,0.4
122.308716888,2.65942827742,0.4,121.184952117,2.81888231369,0.4
121.184952117,2.81888231369,0.4,120.058945297,2.96164607894,0.4
120.058945297,2.96164607894,0.4,118.930944301,3.08768814611,0.4
118.930944301,3.08768814611,0.4,117.801197439,3.1969807691,0.4
117.801197439,3.1969807691,0.4,116.669953405,3.28949988896,0.4
116.669953405,3.28949988896,0.4,115.537461226,3.36522513915,0.4
115.537461226,3.36522513915,0.4,114.403970199,3.42413984999,0.4
114.403970199,3.42413984999,0.4,113.269729845,3.46623105239,0.4
113.269729845,3.46623105239,0.4,112.13501294,3.49148896664,0.4
112.13501294,3.49148896664,0.4,111.001877736,3.5,0.4
111.001877736,3.5,0.4,82.5,3.5,0.4
82.5,3.5,0.4,53.9981222644,3.5,0.4
53.9981222644,3.5,0.4,52.8649870596,3.49148896664,0.4
52.8649870596,3.49148896664,0.4,51.7302701554,3.46623105239,0.4
51.7302701554,3.46623105239,0.4,50.5960298011,3.42413984999,0.4
50.5960298011,3.42413984999,0.4,49.4625387744,3.36522513915,0.4
49.4625387744,3.36522513915,0.4,48.3300465947,3.28949988896,0.4
48.3300465947,3.28949988896,0.4,47.1988025613,3.1969807691,0.4
47.1988025613,3.1969807691,0.4,46.0690556989,3.08768814611,0.4
46.0690556989,3.08768814611,0.4,44.9410547025,2.96164607894,0.4
44.9410547025,2.96164607894,0.4,43.8150478828,2.81888231369,0.4
43.8150478828,2.81888231369,0.4,42.6912831117,2.65942827742,0.4
42.6912831117,2.65942827742,0.4,41.5700077672,2.48331907129,0.4
41.5700077672,2.48331907129,0.4,40.4514686796,2.29059346284,0.4
40.4514686796,2.29059346284,0.4,39.3359120768,2.08129387741,0.4
39.3359120768,2.08129387741,0.4,38.22358353,1.85546638883,0.4
38.22358353,1.85546638883,0.4,37.1147278999,1.6131607093,0.4
37.1147278999,1.6131607093,0.4,36.0095892828,1.35443017839,0.4
36.0095892828,1.35443017839,0.4,34.9084109567,1.07933175134,0.4
34.9084109567,1.07933175134,0.4,33.8114353276,0.787925986521,0.4
33.8114353276,0.787925986521,0.4,32.7889446241,0.5,0.4
32.7889446241,0.5,0.4,0.5,0.5,0.4
0.9998,1.0,0.4,32.720627116,1.0,0.4
34.5452722287,1.5,0.4,0.9998,1.5,0.4
0.9998,2.0,0.4,36.5745036897,2.0,0.4
38.8862557341,2.5,0.4,0.9998,2.5,0.4
0.9998,3.0,0.4,41.6384769354,3.0,0.4
45.2582521653,3.5,0.4,0.9998,3.5,0.4
0.9998,4.0,0.4,164.0002,4.0,0.4
164.0002,3.5,0.4,119.741747835,3.5,0.4
123.361523065,3.0,0.4,164.0002,3.0,0.4
164.0002,2.5,0.4,126.113744266,2.5,0.4
128.42549631,2.0,0.4,164.0002,2.0,0.4
164.0002,1.5,0.4,130.454727771,1.5,0.4
132.279372884,1.0,0.4,164.0002,1.0,0.4
164.0002,4.5,0.4,0.9998,4.5,0.4
0.9998,5.0,0.4,164.0002,5.0,0.4
164.0002,5.5,0.4,0.9998,5.5,0.4
0.9998,6.0,0.4,164.0002,6.0,0.4
164.0002,6.5,0.4,0.9998,6.5,0.4
0.9998,7.0,0.4,164.0002,7.0,0.4
164.0002,7.5,0.4,0.9998,7.5,0.4
0.9998,8.0,0.4,164.0002,8.0,0.4
164.0002,8.5,0.4,0.9998,8.5,0.4
0.9998,9.0,0.4,164.0002,9.0,0.4
164.0002,9.5,0.4,0.9998,9.5,0.4
0.9998,10.0,0.4,164.0002,10.0,0.4
164.0002,10.5,0.4,0.9998,10.5,0.4
0.9998,11.0,0.4,164.0002,11.0,0.4
164.0002,11.5,0.4,0.9998,11.5,0.4
0.9998,12.0,0.4,164.0002,12.0,0.4
164.0002,12.5,0.4,0.9998,12.5,0.4
0.9998,13.0,0.4,164.0002,13.0,0.4
164.0002,13.5,0.4,0.9998,13.5,0.4
0.9998,14.0,0.4,164.0002,14.0,0.4
164.0002,14.5,0.4,0.9998,14.5,0.4
0.9998,15.0,0.4,164.0002,15.0,0.4
164.0002,15.5,0.4,119.741747835,15.5,0.4
123.361523065,16.0,0.4,164.0002,16.0,0.4
164.0002,16.5,0.4,126.113744266,16.5,0.4
128.42549631,17.0,0.4,164.0002,17.0,0.4
164.0002,17.5,0.4,130.454727771,17.5,0.4
132.279372884,18.0,0.4,164.0002,18.0,0.4
45.2582521653,15.5,0.4,0.9998,15.5,0.4
0.9998,16.0,0.4,41.6384769354,16.0,0.4
38.8862557341,16.5,0.4,0.9998,16.5,0.4
0.9998,17.0,0.4,36.5745036897,17.0,0.4
34.5452722287,17.5,0.4,0.9998,17.5,0.4
0.9998,18.0,0.4,32.720627116,18.0,0.4
layer_number:1:  part_number:1:
start
0.0,0.0,0.8,0.0,9.5,0.8
0.0,9.5,0.8,0.0,19.0,0.8
0.0,19.0,0.8,32.858,19.0,0.8
32.858,19.0,0.8,33.9433905176,18.6943618807,0.8
33.9433905176,18.6943618807,0.8,35.0331961656,18.4048607834,0.8
35.0331961656,18.4048607834,0.8,36.1271770413,18.1315604369,0.8
36.1271770413,18.1315604369,0.8,37.2250923228,17.8745210038,0.8
37.2250923228,17.8745210038,0.8,38.3267003225,17.6337990669,0.8
38.3267003225,17.6337990669,0.8,39.4317585394,17.4094476174,0.8
39.4317585394,17.4094476174,0.8,40.5400237133,17.2015160424,0.8
40.5400237133,17.2015160424,0.8,41.6512518781,17.0100501145,0.8
41.6512518781,17.0100501145,0.8,42.7651984152,16.835091982,0.8
42.7651984152,16.835091982,0.8,43.8816181078,16.6766801589,0.8
43.8816181078,16.6766801589,0.8,45.0002651946,16.5348495169,0.8
45.0002651946,16.5348495169,0.8,46.1208934239,16.4096312778,0.8
46.1208934239,16.4096312778,0.8,47.243256108,16.3010530062,0.8
47.243256108,16.3010530062,0.8,48.3671061773,16.2091386038,0.8
48.3671061773,16.2091386038,0.8,49.4921962349,16.1339083041,0.8
49.4921962349,16.1339083041,0.8,50.6182786108,16.0753786677,0.8
50.6182786108,16.0753786677,0.8,51.7451054167,16.0335625791,0.8
51.7451054167,16.0335625791,0.8,52.8724286003,16.0084692434,0.8
52.8724286003,16.0084692434,0.8,54.0,16.0,0.8
54.0,16.0,0.8,82.5,16.0,0.8
82.5,16.0,0.8,111.0,16.0,0.8
111.0,16.0,0.8,112.1275714,16.0084692434,0.8
112.1275714,16.0084692434,0.8,113.254894583,16.0335625791,0.8
113.254894583,16.0335625791,0.8,114.381721389,16.0753786677,0.8
114.381721389,16.0753786677,0.8,115.507803765,16.1339083041,0.8
115.507803765,16.1339083041,0.8,116.632893823,16.2091386038,0.8
116.632893823,16.2091386038,0.8,117.756743892,16.3010530062,0.8
117.756743892,16.3010530062,0.8,118.879106576,16.4096312778,0.8
118.879106576,16.4096312778,0.8,119.999734805,16.5348495169,0.8
119.999734805,16.5348495169,0.8,121.118381892,16.6766801589,0.8
121.118381892,16.6766801589,0.8,122.234801585,16.835091982,0.8
122.234801585,16.835091982,0.8,123.348748122,17.0100501145,0.8
123.348748122,17.0100501145,0.8,124.459976287,17.2015160424,0.8
124.459976287,17.2015160424,0.8,125.568241461,17.4094476174,0.8
125.568241461,17.4094476174,0.8,126.673299678,17.6337990669,0.8
126.673299678,17.6337990669,0.8,127.774907677,17.8745210038,0.8
127.774907677,17.8745210038,0.8,128.872822959,18.1315604369,0.8
128.872822959,18.1315604369,0.8,129.966803834,18.4048607834,0.8
129.966803834,18.4048607834,0.8,131.056609482,18.6943618807,0.8
131.056609482,18.6943618807,0.8,132.142,19.0,0.8
132.142,19.0,0.8,165.0,19.0,0.8
165.0,19.0,0.8,165.0,9.5,0.8
165.0,9.5,0.8,165.0,0.0,0.8
165.0,0.0,0.8,132.142,0.0,0.8
132.142,0.0,0.8,131.056609482,0.305638119259,0.8
131.056609482,0.305638119259,0.8,129.966803834,0.595139216578,0.8
129.966803834,0.595139216578,0.8,128.872822959,0.868439563088,0.8
128.872822959,0.868439563088,0.8,127.774907677,1.12547899624,0.8
127.774907677,1.12547899624,0.8,126.673299678,1.36620093307,0.8
126.673299678,1.36620093307,0.8,125.568241461,1.59055238262,0.8
125.568241461,1.59055238262,0.8,124.459976287,1.79848395765,0.8
124.459976287,1.79848395765,0.8,123.348748122,1.98994988545,0.8
123.348748122,1.98994988545,0.8,122.234801585,2.16490801798,0.8
122.234801585,2.16490801798,0.8,121.118381892,2.3233198411,0.8
121.118381892,2.3233198411,0.8,119.999734805,2.46515048307,0.8
119.999734805,2.46515048307,0.8,118.879106576,2.59036872223,0.8
118.879106576,2.59036872223,0.8,117.756743892,2.69894699385,0.8
117.756743892,2.69894699385,0.8,116.632893823,2.79086139623,0.8
116.632893823,2.79086139623,0.8,115.507803765,2.86609169593,0.8
115.507803765,2.86609169593,0.8,114.381721389,2.92462133225,0.8
114.381721389,2.92462133225,0.8,113.254894583,2.96643742087,0.8
113.254894583,2.96643742087,0.8,112.1275714,2.99153075665,0.8
112.1275714,2.99153075665,0.8,111.0,3.0,0.8
111.0,3.0,0.8,82.5,3.0,0.8
82.5,3.0,0.8,54.0,3.0,0.8
54.0,3.0,0.8,52.8724286003,2.99153075665,0.8
52.8724286003,2.99153075665,0.8,51.7451054167,2.96643742087,0.8
51.7451054167,2.96643742087,0.8,50.6182786108,2.92462133225,0.8
50.6182786108,2.92462133225,0.8,49.4921962349,2.86609169593,0.8
49.4921962349,2.86609169593,0.8,48.3671061773,2.79086139623,0.8
48.3671061773,2.79086139623,0.8,47.243256108,2.69894699385,0.8
47.243256108,2.69894699385,0.8,46.1208934239,2.59036872223,0.8
46.1208934239,2.59036872223,0.8,45.0002651946,2.46515048307,0.8
45.0002651946,2.46515048307,0.8,43.8816181078,2.3233198411,0.8
43.8816181078,2.3233198411,0.8,42.7651984152,2.16490801798,0.8
42.7651984152,2.16490801798,0.8,41.6512518781,1.98994988545,0.8
41.6512518781,1.98994988545,0.8,40.5400237133,1.79848395765,0.8
40.5400237133,1.79848395765,0.8,39.4317585394,1.59055238262,0.8
39.4317585394,1.59055238262,0.8,38.3267003225,1.36620093307,0.8
38.3267003225,1.36620093307,0.8,37.2250923228,1.12547899624,0.8
37.2250923228,1.12547899624,0.8,36.1271770413,0.868439563088,0.8
36.1271770413,0.868439563088,0.8,35.0331961656,0.595139216578,0.8
35.0331961656,0.595139216578,0.8,33.9433905176,0.305638119259,0.8
33.9433905176,0.305638119259,0.8,32.858,0.0,0.8
32.858,0.0,0.8,0.0,0.0,0.8
0.5,0.5,0.8,0.5,9.5,0.8
0.5,9.5,0.8,0.5,18.5,0.8
0.5,18.5,0.8,32.7889446241,18.5,0.8
32.7889446241,18.5,0.8,33.8114353276,18.2120740135,0.8
33.8114353276,18.2120740135,0.8,34.9084109567,17.9206682487,0.8
34.9084109567,17.9206682487,0.8,36.0095892828,17.6455698216,0.8
36.0095892828,17.6455698216,0.8,37.1147278999,17.3868392907,0.8
37.1147278999,17.3868392907,0.8,38.22358353,17.1445336112,0.8
38.22358353,17.1445336112,0.8,39.3359120768,16.9187061226,0.8
39.3359120768,16.9187061226,0.8,40.4514686796,16.7094065372,0.8
40.4514686796,16.7094065372,0.8,41.5700077672,16.5166809287,0.8
41.5700077672,16.5166809287,0.8,42.6912831117,16.3405717226,0.8
42.6912831117,16.3405717226,0.8,43.8150478828,16.1811176863,0.8
43.8150478828,16.1811176863,0.8,44.9410547025,16.0383539211,0.8
44.9410547025,16.0383539211,0.8,46.0690556989,15.9123118539,0.8
46.0690556989,15.9123118539,0.8,47.1988025613,15.8030192309,0.8
47.1988025613,15.8030192309,0.8,48.3300465947,15.710500111,0.8
48.3300465947,15.710500111,0.8,49.4625387744,15.6347748609,0.8
49.4625387744,15.6347748609,0.8,50.5960298011,15.57586015,0.8
50.5960298011,15.57586015,0.8,51.7302701554,15.5337689476,0.8
51.7302701554,15.5337689476,0.8,52.8649870596,15.5085110334,0.8
52.8649870596,15.5085110334,0.8,53.9981222644,15.5,0.8
53.9981222644,15.5,0.8,82.5,15.5,0.8
82.5,15.5,0.8,111.001877736,15.5,0.8
111.001877736,15.5,0.8,112.13501294,15.5085110334,0.8
112.13501294,15.5085110334,0.8,113.269729845,15.5337689476,0.8
113.269729845,15.5337689476,0.8,114.403970199,15.57586015,0.8
114.403970199,15.57586015,0.8,115.537461226,15.6347748609,0.8
115.537461226,15.6347748609,0.8,116.669953405,15.710500111,0.8
116.669953405,15.710500111,0.8,117.801197439,15.8030192309,0.8
117.801197439,15.8030192309,0.8,118.930944301,15.9123118539,0.8
118.930944301,15.9123118539,0.8,120.058945297,16.0383539211,0.8
120.058945297,16.0383539211,0.8,121.184952117,16.1811176863,0.8
121.184952117,16.1811176863,0.8,122.308716888,16.3405717226,0.8
122.308716888,16.3405717226,0.8,123.429992233,16.5166809287,0.8
123.429992233,16.5166809287,0.8,124.54853132,16.7094065372,0.8
124.54853132,16.7094065372,0.8,125.664087923,16.9187061226,0.8
125.664087923,16.9187061226,0.8,126.77641647,17.1445336112,0.8
126.77641647,17.1445336112,0.8,127.8852721,17.3868392907,0.8
127.8852721,17.3868392907,0.8,128.990410717,17.6455698216,0.8
128.990410717,17.6455698216,0.8,130.091589043,17.9206682487,0.8
130.091589043,17.9206682487,0.8,131.188564672,18.2120740135,0.8
131.188564672,18.2120740135,0.8,132.211055376,18.5,0.8
132.211055376,18.5,0.8,164.5,18.5,0.8
164.5,18.5,0.8,164.5,9.5,0.8
164.5,9.5,0.8,164.5,0.5,0.8
164.5,0.5,0.8,132.211055376,0.5,0.8
132.211055376,0.5,0.8,131.188564672,0.787925986521,0.8
131.188564672,0.787925986521,0.8,130.091589043,1.07933175134,0.8
130.091589043,1.07933175134,0.8,128.990410717,1.35443017839,0.8
128.990410717,1.35443017839,0.8,127.8852721,1.6131607093,0.8
127.8852721,1.6131607093,0.8,126.77641647,1.85546638883,0.8
126.77641647,1.85546638883,0.8,125.664087923,2.08129387741,0.8
125.664087923,2.08129387741,0.8,124.54853132,2.29059346284,0.8
124.54853132,2.29059346284,0.8,123.429992233,2.48331907129,0.8
123.429992233,2.48331907129,0.8,122.308716888,2.65942827742,0.8
122.308716888,2.65942827742,0.8,121.184952117,2.81888231369,0.8
121.184952117,2.81888231369,0.8,120.058945297,2.96164607894,0.8
120.058945297,2.96164607894,0.8,118.930944301,3.08768814611,0.8
118.930944301,3.08768814611,0.8,117.801197439,3.1969807691,0.8
117.801197439,3.1969807691,0.8,116.669953405,3.28949988896,0.8
116.669953405,3.28949988896,0.8,115.537461226,3.36522513915,0.8
115.537461226,3.36522513915,0.8,114.403970199,3.42413984999,0.8
114.403970199,3.42413984999,0.8,113.269729845,3.46623105239,0.8
113.269729845,3.46623105239,0.8,112.13501294,3.49148896664,0.8
112.13501294,3.49148896664,0.8,111.001877736,3.5,0.8
111.001877736,3.5,0.8,82.5,3.5,0.8
82.5,3.5,0.8,53.9981222644,3.5,0.8
53.9981222644,3.5,0.8,52.8649870596,3.49148896664,0.8
52.8649870596,3.49148896664,0.8,51.7302701554,3.46623105239,0.8
51.7302701554,3.46623105239,0.8,50.5960298011,3.42413984999,0.8
50.5960298011,3.42413984999,0.8,49.4625387744,3.36522513915,0.8
49.4625387744,3.36522513915,0.8,48.3300465947,3.28949988896,0.8
48.3300465947,3.28949988896,0.8,47.1988025613,3.1969807691,0.8
47.1988025613,3.1969807691,0.8,46.0690556989,3.08768814611,0.8
46.0690556989,3.08768814611,0.8,44.9410547025,2.96164607894,0.8
44.9410547025,2.96164607894,0.8,43.8150478828,2.81888231369,0.8
43.8150478828,2.81888231369,0.8,42.6912831117,2.65942827742,0.8
42.6912831117,2.65942827742,0.8,41.5700077672,2.48331907129,0.8
41.5700077672,2.48331907129,0.8,40.4514686796,2.29059346284,0.8
40.4514686796,2.29059346284,0.8,39.3359120768,2.08129387741,0.8
39.3359120768,2.08129387741,0.8,38.22358353,1.85546638883,0.8
38.22358353,1.85546638883,0.8,37.1147278999,1.6131607093,0.8
37.1147278999,1.6131607093,0.8,36.0095892828,1.35443017839,0.8
36.0095892828,1.35443017839,0.8,34.9084109567,1.07933175134,0.8
34.9084109567,1.07933175134,0.8,33.8114353276,0.787925986521,0.8
33.8114353276,0.787925986521,0.8,32.7889446241,0.5,0.8
32.7889446241,0.5,0.8,0.5,0.5,0.8
1.16780153779,0.9998,0.8,18.1682015378,18.0002,0.8
17.4610947566,18.0002,0.8,0.9998,1.5389052434,0.8
0.9998,2.24601202459,0.8,16.7539879754,18.0002,0.8
16.0468811942,18.0002,0.8,0.9998,2.95311880577,0.8
0.9998,3.66022558696,0.8,15.339774413,18.0002,0.8
14.6326676319,18.0002,0.8,0.9998,4.36733236815,0.8
0.9998,5.07443914933,0.8,13.9255608507,18.0002,0.8
13.2184540695,18.0002,0.8,0.9998,5.78154593052,0.8
0.9998,6.48865271171,0.8,12.5113472883,18.0002,0.8
11.8042405071,18.0002,0.8,0.9998,7.19575949289,0.8
0.9998,7.90286627408,0.8,11.0971337259,18.0002,0.8
10.3900269447,18.0002,0.8,0.9998,8.60997305527,0.8
0.9998,9.31707983645,0.8,9.68292016355,18.0002,0.8
8.97581338236,18.0002,0.8,0.9998,10.0241866176,0.8
0.9998,10.7312933988,0.8,8.26870660117,18.0002,0.8
7.56159981999,18.0002,0.8,0.9998,11.43840018,0.8
0.9998,12.1455069612,0.8,6.8544930388,18.0002,0.8
6.14738625761,18.0002,0.8,0.9998,12.8526137424,0.8
0.9998,13.5597205236,0.8,5.44027947643,18.0002,0.8
4.73317269524,18.0002,0.8,0.9998,14.2668273048,0.8
0.9998,14.9739340859,0.8,4.02606591405,18.0002,0.8
3.31895913287,18.0002,0.8,0.9998,15.6810408671,0.8
0.9998,16.3881476483,0.8,2.61185235168,18.0002,0.8
1.90474557049,18.0002,0.8,0.9998,17.0952544295,0.8
0.9998,17.8023612107,0.8,1.19763878931,18.0002,0.8
1.87490831897,0.9998,0.8,18.875308319,18.0002,0.8
19.5824151002,18.0002,0.8,2.58201510016,0.9998,0.8
3.28912188135,0.9998,0.8,20.2895218813,18.0002,0.8
20.9966286625,18.0002,0.8,3.99622866253,0.9998,0.8
4.70333544372,0.9998,0.8,21.7037354437,18.0002,0.8
22.4108422249,18.0002,0.8,5.4104422249,0.9998,0.8
6.11754900609,0.9998,0.8,23.1179490061,18.0002,0.8
23.8250557873,18.0002,0.8,6.82465578728,0.9998,0.8
7.53176256846,0.9998,0.8,24.5321625685,18.0002,0.8
25.2392693497,18.0002,0.8,8.23886934965,0.9998,0.8
8.94597613084,0.9998,0.8,25.9463761308,18.0002,0.8
26.653482912,18.0002,0.8,9.65308291202,0.9998,0.8
10.3601896932,0.9998,0.8,27.3605896932,18.0002,0.8
28.0676964744,18.0002,0.8,11.0672964744,0.9998,0.8
11.7744032556,0.9998,0.8,28.7748032556,18.0002,0.8
29.4819100368,18.0002,0.8,12.4815100368,0.9998,0.8
13.188616818,0.9998,0.8,30.189016818,18.0002,0.8
30.8961235991,18.0002,0.8,13.8957235991,0.9998,0.8
14.6028303803,0.9998,0.8,31.6032303803,18.0002,0.8
32.3103371615,18.0002,0.8,15.3099371615,0.9998,0.8
16.0170439427,0.9998,0.8,32.9520710148,17.9348270721,0.8
33.5038116295,17.7794609057,0.8,16.7241507239,0.9998,0.8
17.4312575051,0.9998,0.8,34.0602903674,17.6288328623,0.8
34.6189833242,17.4804190379,0.8,18.1383642863,0.9998,0.8
18.8454710674,0.9998,0.8,35.182664357,17.3369932895,0.8
35.7484304065,17.1956525579,0.8,19.5525778486,0.9998,0.8
20.2596846298,0.9998,0.8,36.3195689159,17.0596842861,0.8
36.8925351799,16.9255437689,0.8,20.966791411,0.9998,0.8
21.6738981922,0.9998,0.8,37.4714035125,16.7973053203,0.8
38.0517038288,16.6704988555,0.8,22.3810049734,0.9998,0.8
23.0881117546,0.9998,0.8,38.638592842,16.5502810874,0.8
39.2263681369,16.4309496012,0.8,23.7952185358,0.9998,0.8
24.5023253169,0.9998,0.8,39.8215886744,16.3190633574,0.8
40.4176934518,16.2080613536,0.8,25.2094320981,0.9998,0.8
25.9165388793,0.9998,0.8,41.0208718766,16.1041329973,0.8
41.6258317349,16.0019860744,0.8,26.6236456605,0.9998,0.8
27.3307524417,0.9998,0.8,42.2369546277,15.906002186,0.8
42.8511418548,15.8130826319,0.8,28.0378592229,0.9998,0.8
28.7449660041,0.9998,0.8,43.470382849,15.725216845,0.8
44.0941966939,15.6419239086,0.8,29.4520727852,0.9998,0.8
30.1591795664,0.9998,0.8,44.7217388731,15.5623593067,0.8
45.3556078854,15.4891215378,0.8,30.8662863476,0.9998,0.8
31.5733931288,0.9998,0.8,45.9916443796,15.4180512508,0.8
46.6360289961,15.3553290861,0.8,32.28049991,0.9998,0.8
33.0925325799,1.10472588869,0.8,47.2825110459,15.2947043547,0.8
47.9361590374,15.241245565,0.8,34.0681751646,1.37326169228,0.8
35.025851744,1.62383149048,0.8,48.5939576109,15.1919373574,0.8
49.2567463442,15.1476193095,0.8,35.96687042,1.85774338527,0.8
36.8901260257,2.07389220981,0.8,49.9264230141,15.1101891982,0.8
50.5989484141,15.075607817,0.8,37.7972356994,2.27389510227,0.8
38.690756721,2.46030934272,0.8,51.2807536768,15.0503062985,0.8
51.9661488283,15.0285946688,0.8,39.5715854544,2.63403129488,0.8
40.4405352571,2.79587431644,0.8,52.6578586869,15.0131977462,0.8
53.3567708453,15.0050031234,0.8,41.2948397058,2.94307198392,0.8
42.1372055804,3.07833107736,0.8,54.059074503,15.0002,0.8
54.7661812842,15.0002,0.8,42.9697246935,3.20374340923,0.8
43.7929726687,3.31988460331,0.8,55.4732880654,15.0002,0.8
56.1803948466,15.0002,0.8,44.6027491063,3.42255425968,0.8
45.4035354878,3.51623386004,0.8,56.8875016278,15.0002,0.8
57.594608409,15.0002,0.8,46.196565245,3.60215683599,0.8
46.9794045302,3.67788934007,0.8,58.3017151902,15.0002,0.8
59.0088219714,15.0002,0.8,47.752342955,3.74372098363,0.8
48.5187634613,3.80303470874,0.8,59.7159287525,15.0002,0.8
60.4230355337,15.0002,0.8,49.2765397292,3.85370419547,0.8
50.024870032,3.89492771711,0.8,61.1301423149,15.0002,0.8
61.8372490961,15.0002,0.8,50.7677037205,3.93065462438,0.8
51.5020622507,3.95790637347,0.8,62.5443558773,15.0002,0.8
63.2514626585,15.0002,0.8,52.2285078982,3.97724523973,0.8
52.9503133946,3.99194395499,0.8,63.9585694397,15.0002,0.8
64.6656762208,15.0002,0.8,53.662771483,3.99729526217,0.8
54.372383002,3.9998,0.8,65.372783002,15.0002,0.8
66.0798897832,15.0002,0.8,55.0794897832,3.9998,0.8
55.7865965644,3.9998,0.8,66.7869965644,15.0002,0.8
67.4941033456,15.0002,0.8,56.4937033456,3.9998,0.8
57.2008101268,3.9998,0.8,68.2012101268,15.0002,0.8
68.908316908,15.0002,0.8,57.907916908,3.9998,0.8
58.6150236891,3.9998,0.8,69.6154236891,15.0002,0.8
70.3225304703,15.0002,0.8,59.3221304703,3.9998,0.8
60.0292372515,3.9998,0.8,71.0296372515,15.0002,0.8
71.7367440327,15.0002,0.8,60.7363440327,3.9998,0.8
61.4434508139,3.9998,0.8,72.4438508139,15.0002,0.8
73.1509575951,15.0002,0.8,62.1505575951,3.9998,0.8
62.8576643763,3.9998,0.8,73.8580643763,15.0002,0.8
74.5651711575,15.0002,0.8,63.5647711575,3.9998,0.8
64.2718779386,3.9998,0.8,75.2722779386,15.0002,0.8
75.9793847198,15.0002,0.8,64.9789847198,3.9998,0.8
65.686091501,3.9998,0.8,76.686491501,15.0002,0.8
77.3935982822,15.0002,0.8,66.3931982822,3.9998,0.8
67.1003050634,3.9998,0.8,78.1007050634,15.0002,0.8
78.8078118446,15.0002,0.8,67.8074118446,3.9998,0.8
68.5145186258,3.9998,0.8,79.5149186258,15.0002,0.8
80.2220254069,15.0002,0.8,69.2216254069,3.9998,0.8
69.9287321881,3.9998,0.8,80.9291321881,15.0002,0.8
81.6362389693,15.0002,0.8,70.6358389693,3.9998,0.8
71.3429457505,3.9998,0.8,82.3433457505,15.0002,0.8
83.0504525317,15.0002,0.8,72.0500525317,3.9998,0.8
72.7571593129,3.9998,0.8,83.7575593129,15.0002,0.8
84.4646660941,15.0002,0.8,73.4642660941,3.9998,0.8
74.1713728753,3.9998,0.8,85.1717728753,15.0002,0.8
85.8788796564,15.0002,0.8,74.8784796564,3.9998,0.8
75.5855864376,3.9998,0.8,86.5859864376,15.0002,0.8
87.2930932188,15.0002,0.8,76.2926932188,3.9998,0.8
76.9998,3.9998,0.8,88.0002,15.0002,0.8
88.7073067812,15.0002,0.8,77.7069067812,3.9998,0.8
78.4140135624,3.9998,0.8,89.4144135624,15.0002,0.8
90.1215203436,15.0002,0.8,79.1211203436,3.9998,0.8
79.8282271247,3.9998,0.8,90.8286271247,15.0002,0.8
91.5357339059,15.0002,0.8,80.5353339059,3.9998,0.8
81.2424406871,3.9998,0.8,92.2428406871,15.0002,0.8
92.9499474683,15.0002,0.8,81.9495474683,3.9998,0.8
82.6566542495,3.9998,0.8,93.6570542495,15.0002,0.8
94.3641610307,15.0002,0.8,83.3637610307,3.9998,0.8
84.0708678119,3.9998,0.8,95.0712678119,15.0002,0.8
95.7783745931,15.0002,0.8,84.7779745931,3.9998,0.8
85.4850813742,3.9998,0.8,96.4854813742,15.0002,0.8
97.1925881554,15.0002,0.8,86.1921881554,3.9998,0.8
86.8992949366,3.9998,0.8,97.8996949366,15.0002,0.8
98.6068017178,15.0002,0.8,87.6064017178,3.9998,0.8
88.313508499,3.9998,0.8,99.313908499,15.0002,0.8
100.02101528,15.0002,0.8,89.0206152802,3.9998,0.8
89.7277220614,3.9998,0.8,100.728122061,15.0002,0.8
101.435228843,15.0002,0.8,90.4348288425,3.9998,0.8
91.1419356237,3.9998,0.8,102.142335624,15.0002,0.8
102.849442405,15.0002,0.8,91.8490424049,3.9998,0.8
92.5561491861,3.9998,0.8,103.556549186,15.0002,0.8
104.263655967,15.0002,0.8,93.2632559673,3.9998,0.8
93.9703627485,3.9998,0.8,104.970762748,15.0002,0.8
105.67786953,15.0002,0.8,94.6774695297,3.9998,0.8
95.3845763109,3.9998,0.8,106.384976311,15.0002,0.8
107.092083092,15.0002,0.8,96.091683092,3.9998,0.8
96.7987898732,3.9998,0.8,107.799189873,15.0002,0.8
108.506296654,15.0002,0.8,97.5058966544,3.9998,0.8
98.2130034356,3.9998,0.8,109.213403436,15.0002,0.8
109.920510217,15.0002,0.8,98.9201102168,3.9998,0.8
99.627216998,3.9998,0.8,110.627616998,15.0002,0.8
111.337228517,15.0027047378,0.8,100.334323779,3.9998,0.8
101.04143056,3.9998,0.8,112.049686605,15.008056045,0.8
112.771492102,15.0227547603,0.8,101.748537342,3.9998,0.8
102.455644123,3.9998,0.8,113.497937749,15.0420936265,0.8
114.23229628,15.0693453756,0.8,103.162750904,3.9998,0.8
103.869857685,3.9998,0.8,114.975129968,15.1050722829,0.8
115.723460271,15.1462958045,0.8,104.576964466,3.9998,0.8
105.284071247,3.9998,0.8,116.481236539,15.1969652913,0.8
117.247657045,15.2562790164,0.8,105.991178029,3.9998,0.8
106.69828481,3.9998,0.8,118.02059547,15.3221106599,0.8
118.803434755,15.397843164,0.8,107.405391591,3.9998,0.8
108.112498372,3.9998,0.8,119.596464512,15.48376614,0.8
120.397250894,15.5774457403,0.8,108.819605153,3.9998,0.8
109.526711935,3.9998,0.8,121.207027331,15.6801153967,0.8
122.030275307,15.7962565908,0.8,110.233818716,3.9998,0.8
110.940925497,3.9998,0.8,122.86279442,15.9216689226,0.8
123.705160294,16.0569280161,0.8,111.643229155,3.99499687657,0.8
112.342141313,3.98680225378,0.8,124.559464743,16.2041256836,0.8
125.428414546,16.3659687051,0.8,113.033851172,3.97140533123,0.8
113.719246323,3.94969370148,0.8,126.309243279,16.5396906573,0.8
127.202764301,16.7261048977,0.8,114.401051586,3.92439218298,0.8
115.073576986,3.8898108018,0.8,128.109873974,16.9261077902,0.8
129.03312958,17.1422566147,0.8,115.743253656,3.8523806905,0.8
116.406042389,3.80806264261,0.8,129.974148256,17.3761685095,0.8
130.931824835,17.6267383077,0.8,117.063840963,3.75875443499,0.8
117.717488954,3.7052956453,0.8,131.90746742,17.8952741113,0.8
132.71950009,18.0002,0.8,118.363971004,3.64467091385,0.8
119.00835562,3.58194874918,0.8,133.426606871,18.0002,0.8
134.133713652,18.0002,0.8,119.644392115,3.51087846221,0.8
120.278261127,3.4376406933,0.8,134.840820434,18.0002,0.8
135.547927215,18.0002,0.8,120.905803306,3.35807609138,0.8
121.529617151,3.27478315504,0.8,136.255033996,18.0002,0.8
136.962140777,18.0002,0.8,122.148858145,3.1869173681,0.8
122.763045372,3.093997814,0.8,137.669247558,18.0002,0.8
138.376354339,18.0002,0.8,123.374168265,2.99801392563,0.8
123.979128123,2.89586700274,0.8,139.083461121,18.0002,0.8
139.790567902,18.0002,0.8,124.582306548,2.79193864635,0.8
125.178411326,2.68093664255,0.8,140.497674683,18.0002,0.8
141.204781464,18.0002,0.8,125.773631863,2.56905039882,0.8
126.361407158,2.44971891256,0.8,141.911888245,18.0002,0.8
142.618995027,18.0002,0.8,126.948296171,2.32950114453,0.8
127.528596487,2.20269467968,0.8,143.326101808,18.0002,0.8
144.033208589,18.0002,0.8,128.10746482,2.07445623112,0.8
128.680431084,1.94031571392,0.8,144.74031537,18.0002,0.8
145.447422151,18.0002,0.8,129.251569593,1.80434744212,0.8
129.817335643,1.66300671046,0.8,146.154528933,18.0002,0.8
146.861635714,18.0002,0.8,130.381016676,1.51958096205,0.8
130.939709633,1.37116713766,0.8,147.568742495,18.0002,0.8
148.275849276,18.0002,0.8,131.49618837,1.22053909434,0.8
132.047928985,1.06517292791,0.8,148.982956057,18.0002,0.8
149.690062838,18.0002,0.8,132.689662838,0.9998,0.8
133.39676962,0.9998,0.8,150.39716962,18.0002,0.8
151.104276401,18.0002,0.8,134.103876401,0.9998,0.8
134.810983182,0.9998,0.8,151.811383182,18.0002,0.8
152.518489963,18.0002,0.8,135.518089963,0.9998,0.8
136.225196744,0.9998,0.8,153.225596744,18.0002,0.8
153.932703526,18.0002,0.8,136.932303526,0.9998,0.8
137.639410307,0.9998,0.8,154.639810307,18.0002,0.8
155.346917088,18.0002,0.8,138.346517088,0.9998,0.8
139.053623869,0.9998,0.8,156.054023869,18.0002,0.8
156.76113065,18.0002,0.8,139.76073065,0.9998,0.8
140.467837432,0.9998,0.8,157.468237432,18.0002,0.8
158.175344213,18.0002,0.8,141.174944213,0.9998,0.8
141.882050994,0.9998,0.8,158.882450994,18.0002,0.8
159.589557775,18.0002,0.8,142.589157775,0.9998,0.8
143.296264556,0.9998,0.8,160.296664556,18.0002,0.8
161.003771337,18.0002,0.8,144.003371337,0.9998,0.8
144.710478119,0.9998,0.8,161.710878119,18.0002,0.8
162.4179849,18.0002,0.8,145.4175849,0.9998,0.8
146.124691681,0.9998,0.8,163.125091681,18.0002,0.8
163.832198462,18.0002,0.8,146.831798462,0.9998,0.8
147.538905243,0.9998,0.8,164.0002,17.4610947566,0.8
164.0002,16.7539879754,0.8,148.246012025,0.9998,0.8
148.953118806,0.9998,0.8,164.0002,16.0468811942,0.8
164.0002,15.339774413,0.8,149.660225587,0.9998,0.8
150.367332368,0.9998,0.8,164.0002,14.6326676319,0.8
164.0002,13.9255608507,0.8,151.074439149,0.9998,0.8
151.781545931,0.9998,0.8,164.0002,13.2184540695,0.8
164.0002,12.5113472883,0.8,152.488652712,0.9998,0.8
153.195759493,0.9998,0.8,164.0002,11.8042405071,0.8
164.0002,11.0971337259,0.8,153.902866274,0.9998,0.8
154.609973055,0.9998,0.8,164.0002,10.3900269447,0.8
164.0002,9.68292016355,0.8,155.317079836,0.9998,0.8
156.024186618,0.9998,0.8,164.0002,8.97581338236,0.8
164.0002,8.26870660117,0.8,156.731293399,0.9998,0.8
157.43840018,0.9998,0.8,164.0002,7.56159981999,0.8
164.0002,6.8544930388,0.8,158.145506961,0.9998,0.8
158.852613742,0.9998,0.8,164.0002,6.14738625761,0.8
164.0002,5.44027947643,0.8,159.559720524,0.9998,0.8
160.266827305,0.9998,0.8,164.0002,4.73317269524,0.8
164.0002,4.02606591405,0.8,160.973934086,0.9998,0.8
161.681040867,0.9998,0.8,164.0002,3.31895913287,0.8
164.0002,2.61185235168,0.8,162.388147648,0.9998,0.8
163.09525443,0.9998,0.8,164.0002,1.9047455705,0.8
164.0002,1.19763878931,0.8,163.802361211,0.9998,0.8
layer_number:2:  part_number:1:
start
0.0,0.0,1.2,0.0,9.5,1.2
0.0,9.5,1.2,0.0,19.0,1.2
0.0,19.0,1.2,32.858,19.0,1.2
32.858,19.0,1.2,33.9433905176,18.6943618807,1.2
33.9433905176,18.6943618807,1.2,35.0331961656,18.4048607834,1.2
35.0331961656,18.4048607834,1.2,36.1271770413,18.1315604369,1.2
36.1271770413,18.1315604369,1.2,37.2250923228,17.8745210038,1.2
37.2250923228,17.8745210038,1.2,38.3267003225,17.6337990669,1.2
38.3267003225,17.6337990669,1.2,39.4317585394,17.4094476174,1.2
39.4317585394,17.4094476174,1.2,40.5400237133,17.2015160424,1.2
40.5400237133,17.2015160424,1.2,41.6512518781,17.0100501145,1.2
41.6512518781,17.0100501145,1.2,42.7651984152,16.835091982,1.2
42.7651984152,16.835091982,1.2,43.8816181078,16.6766801589,1.2
43.8816181078,16.6766801589,1.2,45.0002651946,16.5348495169,1.2
45.0002651946,16.5348495169,1.2,46.1208934239,16.4096312778,1.2
46.1208934239,16.4096312778,1.2,47.243256108,16.3010530062,1.2
47.243256108,16.3010530062,1.2,48.3671061773,16.2091386038,1.2
48.3671061773,16.2091386038,1.2,49.4921962349,16.1339083041,1.2
49.4921962349,16.1339083041,1.2,50.6182786108,16.0753786677,1.2
50.6182786108,16.0753786677,1.2,51.7451054167,16.0335625791,1.2
51.7451054167,16.0335625791,1.2,52.8724286003,16.0084692434,1.2
52.8724286003,16.0084692434,1.2,54.0,16.0,1.2
54.0,16.0,1.2,82.5,16.0,1.2
82.5,16.0,1.2,111.0,16.0,1.2
111.0,16.0,1.2,112.1275714,16.0084692434,1.2
112.1275714,16.0084692434,1.2,113.254894583,16.0335625791,1.2
113.254894583,16.0335625791,1.2,114.381721389,16.0753786677,1.2
114.381721389,16.0753786677,1.2,115.507803765,16.1339083041,1.2
115.507803765,16.1339083041,1.2,116.632893823,16.2091386038,1.2
116.632893823,16.2091386038,1.2,117.756743892,16.3010530062,1.2
117.756743892,16.3010530062,1.2,118.879106576,16.4096312778,1.2
118.879106576,16.4096312778,1.2,119.999734805,16.5348495169,1.2
119.999734805,16.5348495169,1.2,121.118381892,16.6766801589,1.2
121.118381892,16.6766801589,1.2,122.234801585,16.835091982,1.2
122.234801585,16.835091982,1.2,123.348748122,17.0100501145,1.2
123.348748122,17.0100501145,1.2,124.459976287,17.2015160424,1.2
124.459976287,17.2015160424,1.2,125.568241461,17.4094476174,1.2
125.568241461,17.4094476174,1.2,126.673299678,17.6337990669,1.2
126.673299678,17.6337990669,1.2,127.774907677,17.8745210038,1.2
127.774907677,17.8745210038,1.2,128.872822959,18.1315604369,1.2
128.872822959,18.1315604369,1.2,129.966803834,18.4048607834,1.2
129.966803834,18.4048607834,1.2,131.056609482,18.6943618807,1.2
131.056609482,18.6943618807,1.2,132.142,19.0,1.2
132.142,19.0,1.2,165.0,19.0,1.2
165.0,19.0,1.2,165.0,9.5,1.2
165.0,9.5,1.2,165.0,0.0,1.2
165.0,0.0,1.2,132.142,0.0,1.2
132.142,0.0,1.2,131.056609482,0.305638119259,1.2
131.056609482,0.305638119259,1.2,129.966803834,0.595139216578,1.2
129.966803834,0.595139216578,1.2,128.872822959,0.868439563088,1.2
128.872822959,0.868439563088,1.2,127.774907677,1.12547899624,1.2
127.774907677,1.12547899624,1.2,126.673299678,1.36620093307,1.2
126.673299678,1.36620093307,1.2,125.568241461,1.59055238262,1.2
125.568241461,1.59055238262,1.2,124.459976287,1.79848395765,1.2
124.459976287,1.79848395765,1.2,123.348748122,1.98994988545,1.2
123.348748122,1.98994988545,1.2,122.234801585,2.16490801798,1.2
122.234801585,2.16490801798,1.2,121.118381892,2.3233198411,1.2
121.118381892,2.3233198411,1.2,119.999734805,2.46515048307,1.2
119.999734805,2.46515048307,1.2,118.879106576,2.59036872223,1.2
118.879106576,2.59036872223,1.2,117.756743892,2.69894699385,1.2
117.756743892,2.69894699385,1.2,116.632893823,2.79086139623,1.2
116.632893823,2.79086139623,1.2,115.507803765,2.86609169593,1.2
115.507803765,2.86609169593,1.2,114.381721389,2.92462133225,1.2
114.381721389,2.92462133225,1.2,113.254894583,2.96643742087,1.2
113.254894583,2.96643742087,1.2,112.1275714,2.99153075665,1.2
112.1275714,2.99153075665,1.2,111.0,3.0,1.2
111.0,3.0,1.2,82.5,3.0,1.2
82.5,3.0,1.2,54.0,3.0,1.2
54.0,3.0,1.2,52.8724286003,2.99153075665,1.2
52.8724286003,2.99153075665,1.2,51.7451054167,2.96643742087,1.2
51.7451054167,2.96643742087,1.2,50.6182786108,2.92462133225,1.2
50.6182786108,2.92462133225,1.2,49.4921962349,2.86609169593,1.2
49.4921962349,2.86609169593,1.2,48.3671061773,2.79086139623,1.2
48.3671061773,2.79086139623,1.2,47.243256108,2.69894699385,1.2
47.243256108,2.69894699385,1.2,46.1208934239,2.59036872223,1.2
46.1208934239,2.59036872223,1.2,45.0002651946,2.46515048307,1.2
45.0002651946,2.46515048307,1.2,43.8816181078,2.3233198411,1.2
43.8816181078,2.3233198411,1.2,42.7651984152,2.16490801798,1.2
42.7651984152,2.16490801798,1.2,41.6512518781,1.98994988545,1.2
41.6512518781,1.98994988545,1.2,40.5400237133,1.79848395765,1.2
40.5400237133,1.79848395765,1.2,39.4317585394,1.59055238262,1.2
39.4317585394,1.59055238262,1.2,38.3267003225,1.36620093307,1.2
38.3267003225,1.36620093307,1.2,37.2250923228,1.12547899624,1.2
37.2250923228,1.12547899624,1.2,36.1271770413,0.868439563088,1.2
36.1271770413,0.868439563088,1.2,35.0331961656,0.595139216578,1.2
35.0331961656,0.595139216578,1.2,33.9433905176,0.305638119259,1.2
33.9433905176,0.305638119259,1.2,32.858,0.0,1.2
32.858,0.0,1.2,0.0,0.0,1.2
0.5,0.5,1.2,0.5,9.5,1.2
0.5,9.5,1.2,0.5,18.5,1.2
0.5,18.5,1.2,32.7889446241,18.5,1.2
32.7889446241,18.5,1.2,33.8114353276,18.2120740135,1.2
33.8114353276,18.2120740135,1.2,34.9084109567,17.9206682487,1.2
34.9084109567,17.9206682487,1.2,36.0095892828,17.6455698216,1.2
36.0095892828,17.6455698216,1.2,37.1147278999,17.3868392907,1.2
37.1147278999,17.3868392907,1.2,38.22358353,17.1445336112,1.2
38.22358353,17.1445336112,1.2,39.3359120768,16.9187061226,1.2
39.3359120768,16.9187061226,1.2,40.4514686796,16.7094065372,1.2
40.4514686796,16.7094065372,1.2,41.5700077672,16.5166809287,1.2
41.5700077672,16.5166809287,1.2,42.6912831117,16.3405717226,1.2
42.6912831117,16.3405717226,1.2,43.8150478828,16.1811176863,1.2
43.8150478828,16.1811176863,1.2,44.9410547025,16.0383539211,1.2
44.9410547025,16.0383539211,1.2,46.0690556989,15.9123118539,1.2
46.0690556989,15.9123118539,1.2,47.1988025613,15.8030192309,1.2
47.1988025613,15.8030192309,1.2,48.3300465947,15.710500111,1.2
48.3300465947,15.710500111,1.2,49.4625387744,15.6347748609,1.2
49.4625387744,15.6347748609,1.2,50.5960298011,15.57586015,1.2
50.5960298011,15.57586015,1.2,51.7302701554,15.5337689476,1.2
51.7302701554,15.5337689476,1.2,52.8649870596,15.5085110334,1.2
52.8649870596,15.5085110334,1.2,53.9981222644,15.5,1.2
53.9981222644,15.5,1.2,82.5,15.5,1.2
82.5,15.5,1.2,111.001877736,15.5,1.2
111.001877736,15.5,1.2,112.13501294,15.5085110334,1.2
112.13501294,15.5085110334,1.2,113.269729845,15.5337689476,1.2
113.269729845,15.5337689476,1.2,114.403970199,15.57586015,1.2
114.403970199,15.57586015,1.2,115.537461226,15.6347748609,1.2
115.537461226,15.6347748609,1.2,116.669953405,15.710500111,1.2
116.669953405,15.710500111,1.2,117.801197439,15.8030192309,1.2
117.801197439,15.8030192309,1.2,118.930944301,15.9123118539,1.2
118.930944301,15.9123118539,1.2,120.058945297,16.0383539211,1.2
120.058945297,16.0383539211,1.2,121.184952117,16.1811176863,1.2
121.184952117,16.1811176863,1.2,122.308716888,16.3405717226,1.2
122.308716888,16.3405717226,1.2,123.429992233,16.5166809287,1.2
123.429992233,16.5166809287,1.2,124.54853132,16.7094065372,1.2
124.54853132,16.7094065372,1.2,125.664087923,16.9187061226,1.2
125.664087923,16.9187061226,1.2,126.77641647,17.1445336112,1.2
126.77641647,17.1445336112,1.2,127.8852721,17.3868392907,1.2
127.8852721,17.3868392907,1.2,128.990410717,17.6455698216,1.2
128.990410717,17.6455698216,1.2,130.091589043,17.9206682487,1.2
130.091589043,17.9206682487,1.2,131.188564672,18.2120740135,1.2
131.188564672,18.2120740135,1.2,132.211055376,18.5,1.2
132.211055376,18.5,1.2,164.5,18.5,1.2
164.5,18.5,1.2,164.5,9.5,1.2
164.5,9.5,1.2,164.5,0.5,1.2
164.5,0.5,1.2,132.211055376,0.5,1.2
132.211055376,0.5,1.2,131.188564672,0.787925986521,1.2
131.188564672,0.787925986521,1.2,130.091589043,1.07933175134,1.2
130.091589043,1.07933175134,1.2,128.990410717,1.35443017839,1.2
128.990410717,1.35443017839,1.2,127.8852721,1.6131607093,1.2
127.8852721,1.6131607093,1.2,126.77641647,1.85546638883,1.2
126.77641647,1.85546638883,1.2,125.664087923,2.08129387741,1.2
125.664087923,2.08129387741,1.2,124.54853132,2.29059346284,1.2
124.54853132,2.29059346284,1.2,123.429992233,2.48331907129,1.2
123.429992233,2.48331907129,1.2,122.308716888,2.65942827742,1.2
122.308716888,2.65942827742,1.2,121.184952117,2.81888231369,1.2
121.184952117,2.81888231369,1.2,120.058945297,2.96164607894,1.2
120.058945297,2.96164607894,1.2,118.930944301,3.08768814611,1.2
118.930944301,3.08768814611,1.2,117.801197439,3.1969807691,1.2
117.801197439,3.1969807691,1.2,116.669953405,3.28949988896,1.2
116.669953405,3.28949988896,1.2,115.537461226,3.36522513915,1.2
115.537461226,3.36522513915,1.2,114.403970199,3.42413984999,1.2
114.403970199,3.42413984999,1.2,113.269729845,3.46623105239,1.2
113.269729845,3.46623105239,1.2,112.13501294,3.49148896664,1.2
112.13501294,3.49148896664,1.2,111.001877736,3.5,1.2
111.001877736,3.5,1.2,82.5,3.5,1.2
82.5,3.5,1.2,53.9981222644,3.5,1.2
53.9981222644,3.5,1.2,52.8649870596,3.49148896664,1.2
52.8649870596,3.49148896664,1.2,51.7302701554,3.46623105239,1.2
51.7302701554,3.46623105239,1.2,50.5960298011,3.42413984999,1.2
50.5960298011,3.42413984999,1.2,49.4625387744,3.36522513915,1.2
49.4625387744,3.36522513915,1.2,48.3300465947,3.28949988896,1.2
48.3300465947,3.28949988896,1.2,47.1988025613,3.1969807691,1.2
47.1988025613,3.1969807691,1.2,46.0690556989,3.08768814611,1.2
46.0690556989,3.08768814611,1.2,44.9410547025,2.96164607894,1.2
44.9410547025,2.96164607894,1.2,43.8150478828,2.81888231369,1.2
43.8150478828,2.81888231369,1.2,42.6912831117,2.65942827742,1.2
42.6912831117,2.65942827742,1.2,41.5700077672,2.48331907129,1.2
41.5700077672,2.48331907129,1.2,40.4514686796,2.29059346284,1.2
40.4514686796,2.29059346284,1.2,39.3359120768,2.08129387741,1.2
39.3359120768,2.08129387741,1.2,38.22358353,1.85546638883,1.2
38.22358353,1.85546638883,1.2,37.1147278999,1.6131607093,1.2
37.1147278999,1.6131607093,1.2,36.0095892828,1.35443017839,1.2
36.0095892828,1.35443017839,1.2,34.9084109567,1.07933175134,1.2
34.9084109567,1.07933175134,1.2,33.8114353276,0.787925986521,1.2
33.8114353276,0.787925986521,1.2,32.7889446241,0.5,1.2
32.7889446241,0.5,1.2,0.5,0.5,1.2
1.0,0.9998,1.2,1.0,18.0002,1.2
1.5,18.0002,1.2,1.5,0.9998,1.2
2.0,0.9998,1.2,2.0,18.0002,1.2
2.5,18.0002,1.2,2.5,0.9998,1.2
3.0,0.9998,1.2,3.0,18.0002,1.2
3.5,18.0002,1.2,3.5,0.9998,1.2
4.0,0.9998,1.2,4.0,18.0002,1.2
4.5,18.0002,1.2,4.5,0.9998,1.2
5.0,0.9998,1.2,5.0,18.0002,1.2
5.5,18.0002,1.2,5.5,0.9998,1.2
6.0,0.9998,1.2,6.0,18.0002,1.2
6.5,18.0002,1.2,6.5,0.9998,1.2
7.0,0.9998,1.2,7.0,18.0002,1.2
7.5,18.0002,1.2,7.5,0.9998,1.2
8.0,0.9998,1.2,8.0,18.0002,1.2
8.5,18.0002,1.2,8.5,0.9998,1.2
9.0,0.9998,1.2,9.0,18.0002,1.2
9.5,18.0002,1.2,9.5,0.9998,1.2
10.0,0.9998,1.2,10.0,18.0002,1.2
10.5,18.0002,1.2,10.5,0.9998,1.2
11.0,0.9998,1.2,11.0,18.0002,1.2
11.5,18.0002,1.2,11.5,0.9998,1.2
12.0,0.9998,1.2,12.0,18.0002,1.2
12.5,18.0002,1.2,12.5,0.9998,1.2
13.0,0.9998,1.2,13.0,18.0002,1.2
13.5,18.0002,1.2,13.5,0.9998,1.2
14.0,0.9998,1.2,14.0,18.0002,1.2
14.5,18.0002,1.2,14.5,0.9998,1.2
15.0,0.9998,1.2,15.0,18.0002,1.2
15.5,18.0002,1.2,15.5,0.9998,1.2
16.0,0.9998,1.2,16.0,18.0002,1.2
16.5,18.0002,1.2,16.5,0.9998,1.2
17.0,0.9998,1.2,17.0,18.0002,1.2
17.5,18.0002,1.2,17.5,0.9998,1.2
18.0,0.9998,1.2,18.0,18.0002,1.2
18.5,18.0002,1.2,18.5,0.9998,1.2
19.0,0.9998,1.2,19.0,18.0002,1.2
19.5,18.0002,1.2,19.5,0.9998,1.2
20.0,0.9998,1.2,20.0,18.0002,1.2
20.5,18.0002,1.2,20.5,0.9998,1.2
21.0,0.9998,1.2,21.0,18.0002,1.2
21.5,18.0002,1.2,21.5,0.9998,1.2
22.0,0.9998,1.2,22.0,18.0002,1.2
22.5,18.0002,1.2,22.5,0.9998,1.2
23.0,0.9998,1.2,23.0,18.0002,1.2
23.5,18.0002,1.2,23.5,0.9998,1.2
24.0,0.9998,1.2,24.0,18.0002,1.2
24.5,18.0002,1.2,24.5,0.9998,1.2
25.0,0.9998,1.2,25.0,18.0002,1.2
25.5,18.0002,1.2,25.5,0.9998,1.2
26.0,0.9998,1.2,26.0,18.0002,1.2
26.5,18.0002,1.2,26.5,0.9998,1.2
27.0,0.9998,1.2,27.0,18.0002,1.2
27.5,18.0002,1.2,27.5,0.9998,1.2
28.0,0.9998,1.2,28.0,18.0002,1.2
28.5,18.0002,1.2,28.5,0.9998,1.2
29.0,0.9998,1.2,29.0,18.0002,1.2
29.5,18.0002,1.2,29.5,0.9998,1.2
30.0,0.9998,1.2,30.0,18.0002,1.2
30.5,18.0002,1.2,30.5,0.9998,1.2
31.0,0.9998,1.2,31.0,18.0002,1.2
31.5,18.0002,1.2,31.5,0.9998,1.2
32.0,0.9998,1.2,32.0,18.0002,1.2
32.5,18.0002,1.2,32.5,0.9998,1.2
33.0,1.07866938348,1.2,33.0,17.9213306165,1.2
33.5,17.780534233,1.2,33.5,1.21946576703,1.2
34.0,1.35515132094,1.2,34.0,17.6448486791,1.2
34.5,17.5120263277,1.2,34.5,1.48797367227,1.2
35.0,1.61737315948,1.2,35.0,17.3826268405,1.2
35.5,17.2577159062,1.2,35.5,1.74228409376,1.2
36.0,1.86549954697,1.2,36.0,17.134500453,1.2
36.5,17.017442499,1.2,36.5,1.98255750102,1.2
37.0,2.09961545507,1.2,37.0,16.9003845449,1.2
37.5,16.7910564533,1.2,37.5,2.20894354666,1.2
38.0,2.31820289159,1.2,38.0,16.6817971084,1.2
38.5,16.5784185236,1.2,38.5,2.42158147642,1.2
39.0,2.52309262132,1.2,39.0,16.4769073787,1.2
39.5,16.3793994946,1.2,39.5,2.62060050536,1.2
40.0,2.71440999244,1.2,40.0,16.2855900076,1.2
40.5,16.193879838,1.2,40.5,2.80612016201,1.2
41.0,2.8922707537,1.2,41.0,16.1077292463,1.2
41.5,16.0217493975,1.2,41.5,2.97825060251,1.2
42.0,3.05678136081,1.2,42.0,15.9432186392,1.2
42.5,15.8646878809,1.2,42.5,3.13531211911,1.2
43.0,3.20803925473,1.2,43.0,15.7919607453,1.2
43.5,15.7210143869,1.2,43.5,3.27898561306,1.2
44.0,3.34613311336,1.2,44.0,15.6538668866,1.2
44.5,15.5904730587,1.2,44.5,3.40952694134,1.2
45.0,3.47114307801,1.2,45.0,15.528856922,1.2
45.5,15.4729872607,1.2,45.5,3.52701273928,1.2
46.0,3.58288240055,1.2,46.0,15.4171175995,1.2
46.5,15.368488641,1.2,46.5,3.63151135901,1.2
47.0,3.67988176243,1.2,47.0,15.3201182376,1.2
47.5,15.2769169578,1.2,47.5,3.7230830422,1.2
48.0,3.76397568655,1.2,48.0,15.2360243134,1.2
48.5,15.1982199293,1.2,48.5,3.80178007067,1.2
49.0,3.83521308307,1.2,49.0,15.1647869169,1.2
49.5,15.1323531042,1.2,49.5,3.86764689579,1.2
50.0,3.89363506396,1.2,50.0,15.106364936,1.2
50.5,15.0803767679,1.2,50.5,3.91962323213,1.2
51.0,3.93927504569,1.2,51.0,15.0607249543,1.2
51.5,15.0421701558,1.2,51.5,3.95782984417,1.2
52.0,3.97215883194,1.2,52.0,15.0278411681,1.2
52.5,15.0167115576,1.2,52.5,3.9832884424,1.2
53.0,3.99231715349,1.2,53.0,15.0076828465,1.2
53.5,15.0039273223,1.2,53.5,3.99607267769,1.2
54.0,3.9998,1.2,54.0,15.0002,1.2
54.5,15.0002,1.2,54.5,3.9998,1.2
55.0,3.9998,1.2,55.0,15.0002,1.2
55.5,15.0002,1.2,55.5,3.9998,1.2
56.0,3.9998,1.2,56.0,15.0002,1.2
56.5,15.0002,1.2,56.5,3.9998,1.2
57.0,3.9998,1.2,57.0,15.0002,1.2
57.5,15.0002,1.2,57.5,3.9998,1.2
58.0,3.9998,1.2,58.0,15.0002,1.2
58.5,15.0002,1.2,58.5,3.9998,1.2
59.0,3.9998,1.2,59.0,15.0002,1.2
59.5,15.0002,1.2,59.5,3.9998,1.2
60.0,3.9998,1.2,60.0,15.0002,1.2
60.5,15.0002,1.2,60.5,3.9998,1.2
61.0,3.9998,1.2,61.0,15.0002,1.2
61.5,15.0002,1.2,61.5,3.9998,1.2
62.0,3.9998,1.2,62.0,15.0002,1.2
62.5,15.0002,1.2,62.5,3.9998,1.2
63.0,3.9998,1.2,63.0,15.0002,1.2
63.5,15.0002,1.2,63.5,3.9998,1.2
64.0,3.9998,1.2,64.0,15.0002,1.2
64.5,15.0002,1.2,64.5,3.9998,1.2
65.0,3.9998,1.2,65.0,15.0002,1.2
65.5,15.0002,1.2,65.5,3.9998,1.2
66.0,3.9998,1.2,66.0,15.0002,1.2
66.5,15.0002,1.2,66.5,3.9998,1.2
67.0,3.9998,1.2,67.0,15.0002,1.2
67.5,15.0002,1.2,67.5,3.9998,1.2
68.0,3.9998,1.2,68.0,15.0002,1.2
68.5,15.0002,1.2,68.5,3.9998,1.2
69.0,3.9998,1.2,69.0,15.0002,1.2
69.5,15.0002,1.2,69.5,3.9998,1.2
70.0,3.9998,1.2,70.0,15.0002,1.2
70.5,15.0002,1.2,70.5,3.9998,1.2
71.0,3.9998,1.2,71.0,15.0002,1.2
71.5,15.0002,1.2,71.5,3.9998,1.2
72.0,3.9998,1.2,72.0,15.0002,1.2
72.5,15.0002,1.2,72.5,3.9998,1.2
73.0,3.9998,1.2,73.0,15.0002,1.2
73.5,15.0002,1.2,73.5,3.9998,1.2
74.0,3.9998,1.2,74.0,15.0002,1.2
74.5,15.0002,1.2,74.5,3.9998,1.2
75.0,3.9998,1.2,75.0,15.0002,1.2
75.5,15.0002,1.2,75.5,3.9998,1.2
76.0,3.9998,1.2,76.0,15.0002,1.2
76.5,15.0002,1.2,76.5,3.9998,1.2
77.0,3.9998,1.2,77.0,15.0002,1.2
77.5,15.0002,1.2,77.5,3.9998,1.2
78.0,3.9998,1.2,78.0,15.0002,1.2
78.5,15.0002,1.2,78.5,3.9998,1.2
79.0,3.9998,1.2,79.0,15.0002,1.2
79.5,15.0002,1.2,79.5,3.9998,1.2
80.0,3.9998,1.2,80.0,15.0002,1.2
80.5,15.0002,1.2,80.5,3.9998,1.2
81.0,3.9998,1.2,81.0,15.0002,1.2
81.5,15.0002,1.2,81.5,3.9998,1.2
82.0,3.9998,1.2,82.0,15.0002,1.2
82.5,15.0002,1.2,82.5,3.9998,1.2
83.0,3.9998,1.2,83.0,15.0002,1.2
83.5,15.0002,1.2,83.5,3.9998,1.2
84.0,3.9998,1.2,84.0,15.0002,1.2
84.5,15.0002,1.2,84.5,3.9998,1.2
85.0,3.9998,1.2,85.0,15.0002,1.2
85.5,15.0002,1.2,85.5,3.9998,1.2
86.0,3.9998,1.2,86.0,15.0002,1.2
86.5,15.0002,1.2,86.5,3.9998,1.2
87.0,3.9998,1.2,87.0,15.0002,1.2
87.5,15.0002,1.2,87.5,3.9998,1.2
88.0,3.9998,1.2,88.0,15.0002,1.2
88.5,15.0002,1.2,88.5,3.9998,1.2
89.0,3.9998,1.2,89.0,15.0002,1.2
89.5,15.0002,1.2,89.5,3.9998,1.2
90.0,3.9998,1.2,90.0,15.0002,1.2
90.5,15.0002,1.2,90.5,3.9998,1.2
91.0,3.9998,1.2,91.0,15.0002,1.2
91.5,15.0002,1.2,91.5,3.9998,1.2
92.0,3.9998,1.2,92.0,15.0002,1.2
92.5,15.0002,1.2,92.5,3.9998,1.2
93.0,3.9998,1.2,93.0,15.0002,1.2
93.5,15.0002,1.2,93.5,3.9998,1.2
94.0,3.9998,1.2,94.0,15.0002,1.2
94.5,15.0002,1.2,94.5,3.9998,1.2
95.0,3.9998,1.2,95.0,15.0002,1.2
95.5,15.0002,1.2,95.5,3.9998,1.2
96.0,3.9998,1.2,96.0,15.0002,1.2
96.5,15.0002,1.2,96.5,3.9998,1.2
97.0,3.9998,1.2,97.0,15.0002,1.2
97.5,15.0002,1.2,97.5,3.9998,1.2
98.0,3.9998,1.2,98.0,15.0002,1.2
98.5,15.0002,1.2,98.5,3.9998,1.2
99.0,3.9998,1.2,99.0,15.0002,1.2
99.5,15.0002,1.2,99.5,3.9998,1.2
100.0,3.9998,1.2,100.0,15.0002,1.2
100.5,15.0002,1.2,100.5,3.9998,1.2
101.0,3.9998,1.2,101.0,15.0002,1.2
101.5,15.0002,1.2,101.5,3.9998,1.2
102.0,3.9998,1.2,102.0,15.0002,1.2
102.5,15.0002,1.2,102.5,3.9998,1.2
103.0,3.9998,1.2,103.0,15.0002,1.2
103.5,15.0002,1.2,103.5,3.9998,1.2
104.0,3.9998,1.2,104.0,15.0002,1.2
104.5,15.0002,1.2,104.5,3.9998,1.2
105.0,3.9998,1.2,105.0,15.0002,1.2
105.5,15.0002,1.2,105.5,3.9998,1.2
106.0,3.9998,1.2,106.0,15.0002,1.2
106.5,15.0002,1.2,106.5,3.9998,1.2
107.0,3.9998,1.2,107.0,15.0002,1.2
107.5,15.0002,1.2,107.5,3.9998,1.2
108.0,3.9998,1.2,108.0,15.0002,1.2
108.5,15.0002,1.2,108.5,3.9998,1.2
109.0,3.9998,1.2,109.0,15.0002,1.2
109.5,15.0002,1.2,109.5,3.9998,1.2
110.0,3.9998,1.2,110.0,15.0002,1.2
110.5,15.0002,1.2,110.5,3.9998,1.2
111.0,3.9998,1.2,111.0,15.0002,1.2
111.5,15.0039273223,1.2,111.5,3.99607267769,1.2
112.0,3.99231715349,1.2,112.0,15.0076828465,1.2
112.5,15.0167115576,1.2,112.5,3.9832884424,1.2
113.0,3.97215883194,1.2,113.0,15.0278411681,1.2
113.5,15.0421701558,1.2,113.5,3.95782984417,1.2
114.0,3.93927504569,1.2,114.0,15.0607249543,1.2
114.5,15.0803767679,1.2,114.5,3.91962323213,1.2
115.0,3.89363506396,1.2,115.0,15.106364936,1.2
115.5,15.1323531042,1.2,115.5,3.86764689579,1.2
116.0,3.83521308307,1.2,116.0,15.1647869169,1.2
116.5,15.1982199293,1.2,116.5,3.80178007067,1.2
117.0,3.76397568655,1.2,117.0,15.2360243134,1.2
117.5,15.2769169578,1.2,117.5,3.7230830422,1.2
118.0,3.67988176243,1.2,118.0,15.3201182376,1.2
118.5,15.368488641,1.2,118.5,3.63151135901,1.2
119.0,3.58288240055,1.2,119.0,15.4171175995,1.2
119.5,15.4729872607,1.2,119.5,3.52701273928,1.2
120.0,3.47114307801,1.2,120.0,15.528856922,1.2
120.5,15.5904730587,1.2,120.5,3.40952694134,1.2
121.0,3.34613311336,1.2,121.0,15.6538668866,1.2
121.5,15.7210143869,1.2,121.5,3.27898561306,1.2
122.0,3.20803925473,1.2,122.0,15.7919607453,1.2
122.5,15.8646878809,1.2,122.5,3.13531211911,1.2
123.0,3.05678136081,1.2,123.0,15.9432186392,1.2
123.5,16.0217493975,1.2,123.5,2.97825060251,1.2
124.0,2.8922707537,1.2,124.0,16.1077292463,1.2
124.5,16.193879838,1.2,124.5,2.80612016201,1.2
125.0,2.71440999244,1.2,125.0,16.2855900076,1.2
125.5,16.3793994946,1.2,125.5,2.62060050536,1.2
126.0,2.52309262132,1.2,126.0,16.4769073787,1.2
126.5,16.5784185236,1.2,126.5,2.42158147642,1.2
127.0,2.31820289159,1.2,127.0,16.6817971084,1.2
127.5,16.7910564533,1.2,127.5,2.20894354666,1.2
128.0,2.09961545507,1.2,128.0,16.9003845449,1.2
128.5,17.017442499,1.2,128.5,1.98255750102,1.2
129.0,1.86549954697,1.2,129.0,17.134500453,1.2
129.5,17.2577159062,1.2,129.5,1.74228409376,1.2
130.0,1.61737315948,1.2,130.0,17.3826268405,1.2
130.5,17.5120263277,1.2,130.5,1.48797367227,1.2
131.0,1.35515132094,1.2,131.0,17.6448486791,1.2
131.5,17.780534233,1.2,131.5,1.21946576703,1.2
132.0,1.07866938348,1.2,132.0,17.9213306165,1.2
132.5,18.0002,1.2,132.5,0.9998,1.2
133.0,0.9998,1.2,133.0,18.0002,1.2
133.5,18.0002,1.2,133.5,0.9998,1.2
134.0,0.9998,1.2,134.0,18.0002,1.2
134.5,18.0002,1.2,134.5,0.9998,1.2
135.0,0.9998,1.2,135.0,18.0002,1.2
135.5,18.0002,1.2,135.5,0.9998,1.2
136.0,0.9998,1.2,136.0,18.0002,1.2
136.5,18.0002,1.2,136.5,0.9998,1.2
137.0,0.9998,1.2,137.0,18.0002,1.2
137.5,18.0002,1.2,137.5,0.9998,1.2
138.0,0.9998,1.2,138.0,18.0002,1.2
138.5,18.0002,1.2,138.5,0.9998,1.2
139.0,0.9998,1.2,139.0,18.0002,1.2
139.5,18.0002,1.2,139.5,0.9998,1.2
140.0,0.9998,1.2,140.0,18.0002,1.2
140.5,18.0002,1.2,140.5,0.9998,1.2
141.0,0.9998,1.2,141.0,18.0002,1.2
141.5,18.0002,1.2,141.5,0.9998,1.2
142.0,0.9998,1.2,142.0,18.0002,1.2
142.5,18.0002,1.2,142.5,0.9998,1.2
143.0,0.9998,1.2,143.0,18.0002,1.2
143.5,18.0002,1.2,143.5,0.9998,1.2
144.0,0.9998,1.2,144.0,18.0002,1.2
144.5,18.0002,1.2,144.5,0.9998,1.2
145.0,0.9998,1.2,145.0,18.0002,1.2
145.5,18.0002,1.2,145.5,0.9998,1.2
146.0,0.9998,1.2,146.0,18.0002,1.2
146.5,18.0002,1.2,146.5,0.9998,1.2
147.0,0.9998,1.2,147.0,18.0002,1.2
147.5,18.0002,1.2,147.5,0.9998,1.2
148.0,0.9998,1.2,148.0,18.0002,1.2
148.5,18.0002,1.2,148.5,0.9998,1.2
149.0,0.9998,1.2,149.0,18.0002,1.2
149.5,18.0002,1.2,149.5,0.9998,1.2
150.0,0.9998,1.2,150.0,18.0002,1.2
150.5,18.0002,1.2,150.5,0.9998,1.2
151.0,0.9998,1.2,151.0,18.0002,1.2
151.5,18.0002,1.2,151.5,0.9998,1.2
152.0,0.9998,1.2,152.0,18.0002,1.2
152.5,18.0002,1.2,152.5,0.9998,1.2
153.0,0.9998,1.2,153.0,18.0002,1.2
153.5,18.0002,1.2,153.5,0.9998,1.2
154.0,0.9998,1.2,154.0,18.0002,1.2
154.5,18.0002,1.2,154.5,0.9998,1.2
155.0,0.9998,1.2,155.0,18.0002,1.2
155.5,18.0002,1.2,155.5,0.9998,1.2
156.0,0.9998,1.2,156.0,18.0002,1.2
156.5,18.0002,1.2,156.5,0.9998,1.2
157.0,0.9998,1.2,157.0,18.0002,1.2
157.5,18.0002,1.2,157.5,0.9998,1.2
158.0,0.9998,1.2,158.0,18.0002,1.2
158.5,18.0002,1.2,158.5,0.9998,1.2
159.0,0.9998,1.2,159.0,18.0002,1.2
159.5,18.0002,1.2,159.5,0.9998,1.2
160.0,0.9998,1.2,160.0,18.0002,1.2
160.5,18.0002,1.2,160.5,0.9998,1.2
161.0,0.9998,1.2,161.0,18.0002,1.2
161.5,18.0002,1.2,161.5,0.9998,1.2
162.0,0.9998,1.2,162.0,18.0002,1.2
162.5,18.0002,1.2,162.5,0.9998,1.2
163.0,0.9998,1.2,163.0,18.0002,1.2
163.5,18.0002,1.2,163.5,0.9998,1.2
164.0,0.9998,1.2,164.0,18.0002,1.2
layer_number:3:  part_number:1:
start
0.0,0.0,1.6,0.0,9.5,1.6
0.0,9.5,1.6,0.0,19.0,1.6
0.0,19.0,1.6,32.858,19.0,1.6
32.858,19.0,1.6,33.9433905176,18.6943618807,1.6
33.9433905176,18.6943618807,1.6,35.0331961656,18.4048607834,1.6
35.0331961656,18.4048607834,1.6,36.1271770413,18.1315604369,1.6
36.1271770413,18.1315604369,1.6,37.2250923228,17.8745210038,1.6
37.2250923228,17.8745210038,1.6,38.3267003225,17.6337990669,1.6
38.3267003225,17.6337990669,1.6,39.4317585394,17.4094476174,1.6
39.4317585394,17.4094476174,1.6,40.5400237133,17.2015160424,1.6
40.5400237133,17.2015160424,1.6,41.6512518781,17.0100501145,1.6
41.6512518781,17.0100501145,1.6,42.7651984152,16.835091982,1.6
42.7651984152,16.835091982,1.6,43.8816181078,16.6766801589,1.6
43.8816181078,16.6766801589,1.6,45.0002651946,16.5348495169,1.6
45.0002651946,16.5348495169,1.6,46.1208934239,16.4096312778,1.6
46.1208934239,16.4096312778,1.6,47.243256108,16.3010530062,1.6
47.243256108,16.3010530062,1.6,48.3671061773,16.2091386038,1.6
48.3671061773,16.2091386038,1.6,49.4921962349,16.1339083041,1.6
49.4921962349,16.1339083041,1.6,50.6182786108,16.0753786677,1.6
50.6182786108,16.0753786677,1.6,51.7451054167,16.0335625791,1.6
51.7451054167,16.0335625791,1.6,52.8724286003,16.0084692434,1.6
52.8724286003,16.0084692434,1.6,54.0,16.0,1.6
54.0,16.0,1.6,82.5,16.0,1.6
82.5,16.0,1.6,111.0,16.0,1.6
111.0,16.0,1.6,112.1275714,16.0084692434,1.6
112.1275714,16.0084692434,1.6,113.254894583,16.0335625791,1.6
113.254894583,16.0335625791,1.6,114.381721389,16.0753786677,1.6
114.381721389,16.0753786677,1.6,115.507803765,16.1339083041,1.6
115.507803765,16.1339083041,1.6,116.632893823,16.2091386038,1.6
116.632893823,16.2091386038,1.6,117.756743892,16.3010530062,1.6
117.756743892,16.3010530062,1.6,118.879106576,16.4096312778,1.6
118.879106576,16.4096312778,1.6,119.999734805,16.5348495169,1.6
119.999734805,16.5348495169,1.6,121.118381892,16.6766801589,1.6
121.118381892,16.6766801589,1.6,122.234801585,16.835091982,1.6
122.234801585,16.835091982,1.6,123.348748122,17.0100501145,1.6
123.348748122,17.0100501145,1.6,124.459976287,17.2015160424,1.6
124.459976287,17.2015160424,1.6,125.568241461,17.4094476174,1.6
125.568241461,17.4094476174,1.6,126.673299678,17.6337990669,1.6
126.673299678,17.6337990669,1.6,127.774907677,17.8745210038,1.6
127.774907677,17.8745210038,1.6,128.872822959,18.1315604369,1.6
128.872822959,18.1315604369,1.6,129.966803834,18.4048607834,1.6
129.966803834,18.4048607834,1.6,131.056609482,18.6943618807,1.6
131.056609482,18.6943618807,1.6,132.142,19.0,1.6
132.142,19.0,1.6,165.0,19.0,1.6
165.0,19.0,1.6,165.0,9.5,1.6
165.0,9.5,1.6,165.0,0.0,1.6
165.0,0.0,1.6,132.142,0.0,1.6
132.142,0.0,1.6,131.056609482,0.305638119259,1.6
131.056609482,0.305638119259,1.6,129.966803834,0.595139216578,1.6
129.966803834,0.595139216578,1.6,128.872822959,0.868439563088,1.6
128.872822959,0.868439563088,1.6,127.774907677,1.12547899624,1.6
127.774907677,1.12547899624,1.6,126.673299678,1.36620093307,1.6
126.673299678,1.36620093307,1.6,125.568241461,1.59055238262,1.6
125.568241461,1.59055238262,1.6,124.459976287,1.79848395765,1.6
124.459976287,1.79848395765,1.6,123.348748122,1.98994988545,1.6
123.348748122,1.98994988545,1.6,122.234801585,2.16490801798,1.6
122.234801585,2.16490801798,1.6,121.118381892,2.3233198411,1.6
121.118381892,2.3233198411,1.6,119.999734805,2.46515048307,1.6
119.999734805,2.46515048307,1.6,118.879106576,2.59036872223,1.6
118.879106576,2.59036872223,1.6,117.756743892,2.69894699385,1.6
117.756743892,2.69894699385,1.6,116.632893823,2.79086139623,1.6
116.632893823,2.79086139623,1.6,115.507803765,2.86609169593,1.6
115.507803765,2.86609169593,1.6,114.381721389,2.92462133225,1.6
114.381721389,2.92462133225,1.6,113.254894583,2.96643742087,1.6
113.254894583,2.96643742087,1.6,112.1275714,2.99153075665,1.6
112.1275714,2.99153075665,1.6,111.0,3.0,1.6
111.0,3.0,1.6,82.5,3.0,1.6
82.5,3.0,1.6,54.0,3.0,1.6
54.0,3.0,1.6,52.8724286003,2.99153075665,1.6
52.8724286003,2.99153075665,1.6,51.7451054167,2.96643742087,1.6
51.7451054167,2.96643742087,1.6,50.6182786108,2.92462133225,1.6
50.6182786108,2.92462133225,1.6,49.4921962349,2.86609169593,1.6
49.4921962349,2.86609169593,1.6,48.3671061773,2.79086139623,1.6
48.3671061773,2.79086139623,1.6,47.243256108,2.69894699385,1.6
47.243256108,2.69894699385,1.6,46.1208934239,2.59036872223,1.6
46.1208934239,2.59036872223,1.6,45.0002651946,2.46515048307,1.6
45.0002651946,2.46515048307,1.6,43.8816181078,2.3233198411,1.6
43.8816181078,2.3233198411,1.6,42.7651984152,2.16490801798,1.6
42.7651984152,2.16490801798,1.6,41.6512518781,1.98994988545,1.6
41.6512518781,1.98994988545,1.6,40.5400237133,1.79848395765,1.6
40.5400237133,1.79848395765,1.6,39.4317585394,1.59055238262,1.6
39.4317585394,1.59055238262,1.6,38.3267003225,1.36620093307,1.6
38.3267003225,1.36620093307,1.6,37.2250923228,1.12547899624,1.6
37.2250923228,1.12547899624,1.6,36.1271770413,0.868439563088,1.6
36.1271770413,0.868439563088,1.6,35.0331961656,0.595139216578,1.6
35.0331961656,0.595139216578,1.6,33.9433905176,0.305638119259,1.6
33.9433905176,0.305638119259,1.6,32.858,0.0,1.6
32.858,0.0,1.6,0.0,0.0,1.6
0.5,0.5,1.6,0.5,9.5,1.6
0.5,9.5,1.6,0.5,18.5,1.6
0.5,18.5,1.6,32.7889446241,18.5,1.6
32.7889446241,18.5,1.6,33.8114353276,18.2120740135,1.6
33.8114353276,18.2120740135,1.6,34.9084109567,17.9206682487,1.6
34.9084109567,17.9206682487,1.6,36.0095892828,17.6455698216,1.6
36.0095892828,17.6455698216,1.6,37.1147278999,17.3868392907,1.6
37.1147278999,17.3868392907,1.6,38.22358353,17.1445336112,1.6
38.22358353,17.1445336112,1.6,39.3359120768,16.9187061226,1.6
39.3359120768,16.9187061226,1.6,40.4514686796,16.7094065372,1.6
40.4514686796,16.7094065372,1.6,41.5700077672,16.5166809287,1.6
41.5700077672,16.5166809287,1.6,42.6912831117,16.3405717226,1.6
42.6912831117,16.3405717226,1.6,43.8150478828,16.1811176863,1.6
43.8150478828,16.1811176863,1.6,44.9410547025,16.0383539211,1.6
44.9410547025,16.0383539211,1.6,46.0690556989,15.9123118539,1.6
46.0690556989,15.9123118539,1.6,47.1988025613,15.8030192309,1.6
47.1988025613,15.8030192309,1.6,48.3300465947,15.710500111,1.6
48.3300465947,15.710500111,1.6,49.4625387744,15.6347748609,1.6
49.4625387744,15.6347748609,1.6,50.5960298011,15.57586015,1.6
50.5960298011,15.57586015,1.6,51.7302701554,15.5337689476,1.6
51.7302701554,15.5337689476,1.6,52.8649870596,15.5085110334,1.6
52.8649870596,15.5085110334,1.6,53.9981222644,15.5,1.6
53.9981222644,15.5,1.6,82.5,15.5,1.6
82.5,15.5,1.6,111.001877736,15.5,1.6
111.001877736,15.5,1.6,112.13501294,15.5085110334,1.6
112.13501294,15.5085110334,1.6,113.269729845,15.5337689476,1.6
113.269729845,15.5337689476,1.6,114.403970199,15.57586015,1.6
114.403970199,15.57586015,1.6,115.537461226,15.6347748609,1.6
115.537461226,15.6347748609,1.6,116.669953405,15.710500111,1.6
116.669953405,15.710500111,1.6,117.801197439,15.8030192309,1.6
117.801197439,15.8030192309,1.6,118.930944301,15.9123118539,1.6
118.930944301,15.9123118539,1.6,120.058945297,16.0383539211,1.6
120.058945297,16.0383539211,1.6,121.184952117,16.1811176863,1.6
121.184952117,16.1811176863,1.6,122.308716888,16.3405717226,1.6
122.308716888,16.3405717226,1.6,123.429992233,16.5166809287,1.6
123.429992233,16.5166809287,1.6,124.54853132,16.7094065372,1.6
124.54853132,16.7094065372,1.6,125.664087923,16.9187061226,1.6
125.664087923,16.9187061226,1.6,126.77641647,17.1445336112,1.6
126.77641647,17.1445336112,1.6,127.8852721,17.3868392907,1.6
127.8852721,17.3868392907,1.6,128.990410717,17.6455698216,1.6
128.990410717,17.6455698216,1.6,130.091589043,17.9206682487,1.6
130.091589043,17.9206682487,1.6,131.188564672,18.2120740135,1.6
131.188564672,18.2120740135,1.6,132.211055376,18.5,1.6
132.211055376,18.5,1.6,164.5,18.5,1.6
164.5,18.5,1.6,164.5,9.5,1.6
164.5,9.5,1.6,164.5,0.5,1.6
164.5,0.5,1.6,132.211055376,0.5,1.6
132.211055376,0.5,1.6,131.188564672,0.787925986521,1.6
131.188564672,0.787925986521,1.6,130.091589043,1.07933175134,1.6
130.091589043,1.07933175134,1.6,128.990410717,1.35443017839,1.6
128.990410717,1.35443017839,1.6,127.8852721,1.6131607093,1.6
127.8852721,1.6131607093,1.6,126.77641647,1.85546638883,1.6
126.77641647,1.85546638883,1.6,125.664087923,2.08129387741,1.6
125.664087923,2.08129387741,1.6,124.54853132,2.29059346284,1.6
124.54853132,2.29059346284,1.6,123.429992233,2.48331907129,1.6
123.429992233,2.48331907129,1.6,122.308716888,2.65942827742,1.6
122.308716888,2.65942827742,1.6,121.184952117,2.81888231369,1.6
121.184952117,2.81888231369,1.6,120.058945297,2.96164607894,1.6
120.058945297,2.96164607894,1.6,118.930944301,3.08768814611,1.6
118.930944301,3.08768814611,1.6,117.801197439,3.1969807691,1.6
117.801197439,3.1969807691,1.6,116.669953405,3.28949988896,1.6
116.669953405,3.28949988896,1.6,115.537461226,3.36522513915,1.6
115.537461226,3.36522513915,1.6,114.403970199,3.42413984999,1.6
114.403970199,3.42413984999,1.6,113.269729845,3.46623105239,1.6
113.269729845,3.46623105239,1.6,112.13501294,3.49148896664,1.6
112.13501294,3.49148896664,1.6,111.001877736,3.5,1.6
111.001877736,3.5,1.6,82.5,3.5,1.6
82.5,3.5,1.6,53.9981222644,3.5,1.6
53.9981222644,3.5,1.6,52.8649870596,3.49148896664,1.6
52.8649870596,3.49148896664,1.6,51.7302701554,3.46623105239,1.6
51.7302701554,3.46623105239,1.6,50.5960298011,3.42413984999,1.6
50.5960298011,3.42413984999,1.6,49.4625387744,3.36522513915,1.6
49.4625387744,3.36522513915,1.6,48.3300465947,3.28949988896,1.6
48.3300465947,3.28949988896,1.6,47.1988025613,3.1969807691,1.6
47.1988025613,3.1969807691,1.6,46.0690556989,3.08768814611,1.6
46.0690556989,3.08768814611,1.6,44.9410547025,2.96164607894,1.6
44.9410547025,2.96164607894,1.6,43.8150478828,2.81888231369,1.6
43.8150478828,2.81888231369,1.6,42.6912831117,2.65942827742,1.6
42.6912831117,2.65942827742,1.6,41.5700077672,2.48331907129,1.6
41.5700077672,2.48331907129,1.6,40.4514686796,2.29059346284,1.6
40.4514686796,2.29059346284,1.6,39.3359120768,2.08129387741,1.6
39.3359120768,2.08129387741,1.6,38.22358353,1.85546638883,1.6
38.22358353,1.85546638883,1.6,37.1147278999,1.6131607093,1.6
37.1147278999,1.6131607093,1.6,36.0095892828,1.35443017839,1.6
36.0095892828,1.35443017839,1.6,34.9084109567,1.07933175134,1.6
34.9084109567,1.07933175134,1.6,33.8114353276,0.787925986521,1.6
33.8114353276,0.787925986521,1.6,32.7889446241,0.5,1.6
32.7889446241,0.5,1.6,0.5,0.5,1.6
0.9998,1.19763878931,1.6,1.19763878931,0.9998,1.6
1.9047455705,0.9998,1.6,0.9998,1.9047455705,1.6
0.9998,2.61185235168,1.6,2.61185235168,0.9998,1.6
3.31895913287,0.9998,1.6,0.9998,3.31895913287,1.6
0.9998,4.02606591405,1.6,4.02606591405,0.9998,1.6
4.73317269524,0.9998,1.6,0.9998,4.73317269524,1.6
0.9998,5.44027947643,1.6,5.44027947643,0.9998,1.6
6.14738625761,0.9998,1.6,0.9998,6.14738625761,1.6
0.9998,6.8544930388,1.6,6.8544930388,0.9998,1.6
7.56159981999,0.9998,1.6,0.9998,7.56159981999,1.6
0.9998,8.26870660117,1.6,8.26870660117,0.9998,1.6
8.97581338236,0.9998,1.6,0.9998,8.97581338236,1.6
0.9998,9.68292016355,1.6,9.68292016355,0.9998,1.6
10.3900269447,0.9998,1.6,0.9998,10.3900269447,1.6
0.9998,11.0971337259,1.6,11.0971337259,0.9998,1.6
11.8042405071,0.9998,1.6,0.9998,11.8042405071,1.6
0.9998,12.5113472883,1.6,12.5113472883,0.9998,1.6
13.2184540695,0.9998,1.6,0.9998,13.2184540695,1.6
0.9998,13.9255608507,1.6,13.9255608507,0.9998,1.6
14.6326676319,0.9998,1.6,0.9998,14.6326676319,1.6
0.9998,15.339774413,1.6,15.339774413,0.9998,1.6
16.0468811942,0.9998,1.6,0.9998,16.0468811942,1.6
0.9998,16.7539879754,1.6,16.7539879754,0.9998,1.6
17.4610947566,0.9998,1.6,0.9998,17.4610947566,1.6
1.16780153779,18.0002,1.6,18.1682015378,0.9998,1.6
18.875308319,0.9998,1.6,1.87490831897,18.0002,1.6
2.58201510016,18.0002,1.6,19.5824151002,0.9998,1.6
20.2895218813,0.9998,1.6,3.28912188135,18.0002,1.6
3.99622866253,18.0002,1.6,20.9966286625,0.9998,1.6
21.7037354437,0.9998,1.6,4.70333544372,18.0002,1.6
5.4104422249,18.0002,1.6,22.4108422249,0.9998,1.6
23.1179490061,0.9998,1.6,6.11754900609,18.0002,1.6
6.82465578728,18.0002,1.6,23.8250557873,0.9998,1.6
24.5321625685,0.9998,1.6,7.53176256846,18.0002,1.6
8.23886934965,18.0002,1.6,25.2392693497,0.9998,1.6
25.9463761308,0.9998,1.6,8.94597613084,18.0002,1.6
9.65308291202,18.0002,1.6,26.653482912,0.9998,1.6
27.3605896932,0.9998,1.6,10.3601896932,18.0002,1.6
11.0672964744,18.0002,1.6,28.0676964744,0.9998,1.6
28.7748032556,0.9998,1.6,11.7744032556,18.0002,1.6
12.4815100368,18.0002,1.6,29.4819100368,0.9998,1.6
30.189016818,0.9998,1.6,13.188616818,18.0002,1.6
13.8957235991,18.0002,1.6,30.8961235991,0.9998,1.6
31.6032303803,0.9998,1.6,14.6028303803,18.0002,1.6
15.3099371615,18.0002,1.6,32.3103371615,0.9998,1.6
32.9520710148,1.06517292791,1.6,16.0170439427,18.0002,1.6
16.7241507239,18.0002,1.6,33.5038116295,1.22053909434,1.6
34.0602903674,1.37116713766,1.6,17.4312575051,18.0002,1.6
18.1383642863,18.0002,1.6,34.6189833242,1.51958096205,1.6
35.182664357,1.66300671046,1.6,18.8454710674,18.0002,1.6
19.5525778486,18.0002,1.6,35.7484304065,1.80434744212,1.6
36.3195689159,1.94031571392,1.6,20.2596846298,18.0002,1.6
20.966791411,18.0002,1.6,36.8925351799,2.07445623112,1.6
37.4714035125,2.20269467968,1.6,21.6738981922,18.0002,1.6
22.3810049734,18.0002,1.6,38.0517038288,2.32950114453,1.6
38.638592842,2.44971891256,1.6,23.0881117546,18.0002,1.6
23.7952185358,18.0002,1.6,39.2263681369,2.56905039882,1.6
39.8215886744,2.68093664255,1.6,24.5023253169,18.0002,1.6
25.2094320981,18.0002,1.6,40.4176934518,2.79193864635,1.6
41.0208718766,2.89586700274,1.6,25.9165388793,18.0002,1.6
26.6236456605,18.0002,1.6,41.6258317349,2.99801392563,1.6
42.2369546277,3.093997814,1.6,27.3307524417,18.0002,1.6
28.0378592229,18.0002,1.6,42.8511418548,3.1869173681,1.6
43.470382849,3.27478315504,1.6,28.7449660041,18.0002,1.6
29.4520727852,18.0002,1.6,44.0941966939,3.35807609138,1.6
44.7217388731,3.4376406933,1.6,30.1591795664,18.0002,1.6
30.8662863476,18.0002,1.6,45.3556078854,3.51087846221,1.6
45.9916443796,3.58194874918,1.6,31.5733931288,18.0002,1.6
32.28049991,18.0002,1.6,46.6360289961,3.64467091385,1.6
47.2825110459,3.7052956453,1.6,33.0925325799,17.8952741113,1.6
34.0681751646,17.6267383077,1.6,47.9361590374,3.75875443499,1.6
48.5939576109,3.80806264261,1.6,35.025851744,17.3761685095,1.6
35.96687042,17.1422566147,1.6,49.2567463442,3.8523806905,1.6
49.9264230141,3.8898108018,1.6,36.8901260257,16.9261077902,1.6
37.7972356994,16.7261048977,1.6,50.5989484141,3.92439218298,1.6
51.2807536768,3.94969370148,1.6,38.690756721,16.5396906573,1.6
39.5715854544,16.3659687051,1.6,51.9661488283,3.97140533123,1.6
52.6578586869,3.98680225378,1.6,40.4405352571,16.2041256836,1.6
41.2948397058,16.0569280161,1.6,53.3567708453,3.99499687657,1.6
54.059074503,3.9998,1.6,42.1372055804,15.9216689226,1.6
42.9697246935,15.7962565908,1.6,54.7661812842,3.9998,1.6
55.4732880654,3.9998,1.6,43.7929726687,15.6801153967,1.6
44.6027491063,15.5774457403,1.6,56.1803948466,3.9998,1.6
56.8875016278,3.9998,1.6,45.4035354878,15.48376614,1.6
46.196565245,15.397843164,1.6,57.594608409,3.9998,1.6
58.3017151902,3.9998,1.6,46.9794045302,15.3221106599,1.6
47.752342955,15.2562790164,1.6,59.0088219714,3.9998,1.6
59.7159287525,3.9998,1.6,48.5187634613,15.1969652913,1.6
49.2765397292,15.1462958045,1.6,60.4230355337,3.9998,1.6
61.1301423149,3.9998,1.6,50.024870032,15.1050722829,1.6
50.7677037205,15.0693453756,1.6,61.8372490961,3.9998,1.6
62.5443558773,3.9998,1.6,51.5020622507,15.0420936265,1.6
52.2285078982,15.0227547603,1.6,63.2514626585,3.9998,1.6
63.9585694397,3.9998,1.6,52.9503133946,15.008056045,1.6
53.662771483,15.0027047378,1.6,64.6656762208,3.9998,1.6
65.372783002,3.9998,1.6,54.372383002,15.0002,1.6
55.0794897832,15.0002,1.6,66.0798897832,3.9998,1.6
66.7869965644,3.9998,1.6,55.7865965644,15.0002,1.6
56.4937033456,15.0002,1.6,67.4941033456,3.9998,1.6
68.2012101268,3.9998,1.6,57.2008101268,15.0002,1.6
57.907916908,15.0002,1.6,68.908316908,3.9998,1.6
69.6154236891,3.9998,1.6,58.6150236891,15.0002,1.6
59.3221304703,15.0002,1.6,70.3225304703,3.9998,1.6
71.0296372515,3.9998,1.6,60.0292372515,15.0002,1.6
60.7363440327,15.0002,1.6,71.7367440327,3.9998,1.6
72.4438508139,3.9998,1.6,61.4434508139,15.0002,1.6
62.1505575951,15.0002,1.6,73.1509575951,3.9998,1.6
73.8580643763,3.9998,1.6,62.8576643763,15.0002,1.6
63.5647711575,15.0002,1.6,74.5651711575,3.9998,1.6
75.2722779386,3.9998,1.6,64.2718779386,15.0002,1.6
64.9789847198,15.0002,1.6,75.9793847198,3.9998,1.6
76.686491501,3.9998,1.6,65.686091501,15.0002,1.6
66.3931982822,15.0002,1.6,77.3935982822,3.9998,1.6
78.1007050634,3.9998,1.6,67.1003050634,15.0002,1.6
67.8074118446,15.0002,1.6,78.8078118446,3.9998,1.6
79.5149186258,3.9998,1.6,68.5145186258,15.0002,1.6
69.2216254069,15.0002,1.6,80.2220254069,3.9998,1.6
80.9291321881,3.9998,1.6,69.9287321881,15.0002,1.6
70.6358389693,15.0002,1.6,81.6362389693,3.9998,1.6
82.3433457505,3.9998,1.6,71.3429457505,15.0002,1.6
72.0500525317,15.0002,1.6,83.0504525317,3.9998,1.6
83.7575593129,3.9998,1.6,72.7571593129,15.0002,1.6
73.4642660941,15.0002,1.6,84.4646660941,3.9998,1.6
85.1717728753,3.9998,1.6,74.1713728753,15.0002,1.6
74.8784796564,15.0002,1.6,85.8788796564,3.9998,1.6
86.5859864376,3.9998,1.6,75.5855864376,15.0002,1.6
76.2926932188,15.0002,1.6,87.2930932188,3.9998,1.6
88.0002,3.9998,1.6,76.9998,15.0002,1.6
77.7069067812,15.0002,1.6,88.7073067812,3.9998,1.6
89.4144135624,3.9998,1.6,78.4140135624,15.0002,1.6
79.1211203436,15.0002,1.6,90.1215203436,3.9998,1.6
90.8286271247,3.9998,1.6,79.8282271247,15.0002,1.6
80.5353339059,15.0002,1.6,91.5357339059,3.9998,1.6
92.2428406871,3.9998,1.6,81.2424406871,15.0002,1.6
81.9495474683,15.0002,1.6,92.9499474683,3.9998,1.6
93.6570542495,3.9998,1.6,82.6566542495,15.0002,1.6
83.3637610307,15.0002,1.6,94.3641610307,3.9998,1.6
95.0712678119,3.9998,1.6,84.0708678119,15.0002,1.6
84.7779745931,15.0002,1.6,95.7783745931,3.9998,1.6
96.4854813742,3.9998,1.6,85.4850813742,15.0002,1.6
86.1921881554,15.0002,1.6,97.1925881554,3.9998,1.6
97.8996949366,3.9998,1.6,86.8992949366,15.0002,1.6
87.6064017178,15.0002,1.6,98.6068017178,3.9998,1.6
99.313908499,3.9998,1.6,88.313508499,15.0002,1.6
89.0206152802,15.0002,1.6,100.02101528,3.9998,1.6
100.728122061,3.9998,1.6,89.7277220614,15.0002,1.6
90.4348288425,15.0002,1.6,101.435228843,3.9998,1.6
102.142335624,3.9998,1.6,91.1419356237,15.0002,1.6
91.8490424049,15.0002,1.6,102.849442405,3.9998,1.6
103.556549186,3.9998,1.6,92.5561491861,15.0002,1.6
93.2632559673,15.0002,1.6,104.263655967,3.9998,1.6
104.970762748,3.9998,1.6,93.9703627485,15.0002,1.6
94.6774695297,15.0002,1.6,105.67786953,3.9998,1.6
106.384976311,3.9998,1.6,95.3845763109,15.0002,1.6
96.091683092,15.0002,1.6,107.092083092,3.9998,1.6
107.799189873,3.9998,1.6,96.7987898732,15.0002,1.6
97.5058966544,15.0002,1.6,108.506296654,3.9998,1.6
109.213403436,3.9998,1.6,98.2130034356,15.0002,1.6
98.9201102168,15.0002,1.6,109.920510217,3.9998,1.6
110.627616998,3.9998,1.6,99.627216998,15.0002,1.6
100.334323779,15.0002,1.6,111.337228517,3.99729526217,1.6
112.049686605,3.99194395499,1.6,101.04143056,15.0002,1.6
101.748537342,15.0002,1.6,112.771492102,3.97724523973,1.6
113.497937749,3.95790637347,1.6,102.455644123,15.0002,1.6
103.162750904,15.0002,1.6,114.23229628,3.93065462438,1.6
114.975129968,3.89492771711,1.6,103.869857685,15.0002,1.6
104.576964466,15.0002,1.6,115.723460271,3.85370419547,1.6
116.481236539,3.80303470874,1.6,105.284071247,15.0002,1.6
105.991178029,15.0002,1.6,117.247657045,3.74372098363,1.6
118.02059547,3.67788934007,1.6,106.69828481,15.0002,1.6
107.405391591,15.0002,1.6,118.803434755,3.60215683599,1.6
119.596464512,3.51623386004,1.6,108.112498372,15.0002,1.6
108.819605153,15.0002,1.6,120.397250894,3.42255425968,1.6
121.207027331,3.31988460331,1.6,109.526711935,15.0002,1.6
110.233818716,15.0002,1.6,122.030275307,3.20374340923,1.6
122.86279442,3.07833107736,1.6,110.940925497,15.0002,1.6
111.643229155,15.0050031234,1.6,123.705160294,2.94307198392,1.6
124.559464743,2.79587431644,1.6,112.342141313,15.0131977462,1.6
113.033851172,15.0285946688,1.6,125.428414546,2.63403129488,1.6
126.309243279,2.46030934272,1.6,113.719246323,15.0503062985,1.6
114.401051586,15.075607817,1.6,127.202764301,2.27389510227,1.6
128.109873974,2.07389220981,1.6,115.073576986,15.1101891982,1.6
115.743253656,15.1476193095,1.6,129.03312958,1.85774338527,1.6
129.974148256,1.62383149048,1.6,116.406042389,15.1919373574,1.6
117.063840963,15.241245565,1.6,130.931824835,1.37326169228,1.6
131.90746742,1.10472588869,1.6,117.717488954,15.2947043547,1.6
118.363971004,15.3553290861,1.6,132.71950009,0.9998,1.6
133.426606871,0.9998,1.6,119.00835562,15.4180512508,1.6
119.644392115,15.4891215378,1.6,134.133713652,0.9998,1.6
134.840820434,0.9998,1.6,120.278261127,15.5623593067,1.6
120.905803306,15.6419239086,1.6,135.547927215,0.9998,1.6
136.255033996,0.9998,1.6,121.529617151,15.725216845,1.6
122.148858145,15.8130826319,1.6,136.962140777,0.9998,1.6
137.669247558,0.9998,1.6,122.763045372,15.906002186,1.6
123.374168265,16.0019860744,1.6,138.376354339,0.9998,1.6
139.083461121,0.9998,1.6,123.979128123,16.1041329973,1.6
124.582306548,16.2080613536,1.6,139.790567902,0.9998,1.6
140.497674683,0.9998,1.6,125.178411326,16.3190633574,1.6
125.773631863,16.4309496012,1.6,141.204781464,0.9998,1.6
141.911888245,0.9998,1.6,126.361407158,16.5502810874,1.6
126.948296171,16.6704988555,1.6,142.618995027,0.9998,1.6
143.326101808,0.9998,1.6,127.528596487,16.7973053203,1.6
128.10746482,16.9255437689,1.6,144.033208589,0.9998,1.6
144.74031537,0.9998,1.6,128.680431084,17.0596842861,1.6
129.251569593,17.1956525579,1.6,145.447422151,0.9998,1.6
146.154528933,0.9998,1.6,129.817335643,17.3369932895,1.6
130.381016676,17.4804190379,1.6,146.861635714,0.9998,1.6
147.568742495,0.9998,1.6,130.939709633,17.6288328623,1.6
131.49618837,17.7794609057,1.6,148.275849276,0.9998,1.6
148.982956057,0.9998,1.6,132.047928985,17.9348270721,1.6
132.689662838,18.0002,1.6,149.690062838,0.9998,1.6
150.39716962,0.9998,1.6,133.39676962,18.0002,1.6
134.103876401,18.0002,1.6,151.104276401,0.9998,1.6
151.811383182,0.9998,1.6,134.810983182,18.0002,1.6
135.518089963,18.0002,1.6,152.518489963,0.9998,1.6
153.225596744,0.9998,1.6,136.225196744,18.0002,1.6
136.932303526,18.0002,1.6,153.932703526,0.9998,1.6
154.639810307,0.9998,1.6,137.639410307,18.0002,1.6
138.346517088,18.0002,1.6,155.346917088,0.9998,1.6
156.054023869,0.9998,1.6,139.053623869,18.0002,1.6
139.76073065,18.0002,1.6,156.76113065,0.9998,1.6
157.468237432,0.9998,1.6,140.467837432,18.0002,1.6
141.174944213,18.0002,1.6,158.175344213,0.9998,1.6
158.882450994,0.9998,1.6,141.882050994,18.0002,1.6
142.589157775,18.0002,1.6,159.589557775,0.9998,1.6
160.296664556,0.9998,1.6,143.296264556,18.0002,1.6
144.003371337,18.0002,1.6,161.003771337,0.9998,1.6
161.710878119,0.9998,1.6,144.710478119,18.0002,1.6
145.4175849,18.0002,1.6,162.4179849,0.9998,1.6
163.125091681,0.9998,1.6,146.124691681,18.0002,1.6
146.831798462,18.0002,1.6,163.832198462,0.9998,1.6
164.0002,1.5389052434,1.6,147.538905243,18.0002,1.6
148.246012025,18.0002,1.6,164.0002,2.24601202459,1.6
164.0002,2.95311880577,1.6,148.953118806,18.0002,1.6
149.660225587,18.0002,1.6,164.0002,3.66022558696,1.6
164.0002,4.36733236815,1.6,150.367332368,18.0002,1.6
151.074439149,18.0002,1.6,164.0002,5.07443914933,1.6
164.0002,5.78154593052,1.6,151.781545931,18.0002,1.6
152.488652712,18.0002,1.6,164.0002,6.48865271171,1.6
164.0002,7.19575949289,1.6,153.195759493,18.0002,1.6
153.902866274,18.0002,1.6,164.0002,7.90286627408,1.6
164.0002,8.60997305527,1.6,154.609973055,18.0002,1.6
155.317079836,18.0002,1.6,164.0002,9.31707983645,1.6
164.0002,10.0241866176,1.6,156.024186618,18.0002,1.6
156.731293399,18.0002,1.6,164.0002,10.7312933988,1.6
164.0002,11.43840018,1.6,157.43840018,18.0002,1.6
158.145506961,18.0002,1.6,164.0002,12.1455069612,1.6
164.0002,12.8526137424,1.6,158.852613742,18.0002,1.6
159.559720524,18.0002,1.6,164.0002,13.5597205236,1.6
164.0002,14.2668273048,1.6,160.266827305,18.0002,1.6
160.973934086,18.0002,1.6,164.0002,14.9739340859,1.6
164.0002,15.6810408671,1.6,161.681040867,18.0002,1.6
162.388147648,18.0002,1.6,164.0002,16.3881476483,1.6
164.0002,17.0952544295,1.6,163.09525443,18.0002,1.6
163.802361211,18.0002,1.6,164.0002,17.8023612107,1.6
layer_number:4:  part_number:1:
